156388, 14.01, 45.52, -33.29, -255.00, 0.00, 0.00, 4.01, 22.58, 
156488, -12.47, 49.47, -29.04, -254.00, 0.00, 0.00, 4.01, 22.90, 
156588, -12.49, 49.28, -28.79, -253.00, 0.00, 0.00, 4.01, 21.61, 
156688, -11.92, 49.09, -29.30, -252.00, 0.00, 0.00, 4.01, 22.90, 
156788, -12.47, 48.90, -29.20, -251.00, 0.00, 0.00, 4.01, 22.90, 
156888, -12.66, 49.47, -28.90, -250.00, 0.00, 0.00, 4.01, 22.58, 
156988, -12.23, 49.36, -29.35, -249.00, 0.00, 0.00, 4.01, 22.90, 
157088, -12.31, 49.26, -28.97, -248.00, 0.00, 0.00, 4.01, 22.58, 
157188, -11.73, 49.12, -28.34, -247.00, 0.00, 0.00, 4.01, 22.90, 
157288, -12.18, 49.17, -27.81, -246.00, 0.00, 0.00, 4.01, 22.58, 
157387, -11.29, 48.97, -28.88, -245.00, 0.00, 0.00, 4.01, 22.58, 
157488, -11.42, 49.36, -29.42, -244.00, 0.00, 0.00, 4.01, 22.58, 
157588, -11.52, 49.32, -29.13, -243.00, 0.00, 0.00, 4.01, 22.58, 
157688, -12.05, 49.28, -29.44, -242.00, 0.00, 0.00, 4.01, 22.58, 
157788, -11.66, 48.94, -29.67, -241.00, 0.00, 0.00, 4.01, 21.94, 
157888, -11.70, 48.66, -29.14, -240.00, 0.00, 0.00, 4.01, 22.90, 
157988, -11.64, 48.96, -29.09, -239.00, 0.00, 0.00, 4.01, 22.58, 
158088, -11.85, 48.18, -28.35, -238.00, 0.00, 0.00, 4.01, 22.58, 
158188, -11.52, 48.96, -28.15, -237.00, 0.00, 0.00, 4.02, 22.26, 
158288, -11.44, 48.71, -28.49, -236.00, 0.00, 0.00, 4.02, 22.58, 
158388, -11.03, 48.97, -29.73, -235.00, 0.00, 0.00, 4.02, 22.90, 
158488, -10.31, 48.46, -28.66, -234.00, 0.00, 0.00, 4.02, 22.26, 
158588, -10.87, 48.79, -28.59, -233.00, 0.00, 0.00, 4.02, 22.90, 
158688, -11.09, 48.65, -29.47, -232.00, 0.00, 0.00, 4.02, 22.58, 
158788, -10.90, 49.03, -28.47, -231.00, 0.00, 0.00, 4.02, 22.58, 
158888, -10.69, 49.13, -29.09, -230.00, 0.00, 0.00, 4.02, 22.58, 
158988, -10.75, 49.07, -28.91, -229.00, 0.00, 0.00, 4.02, 22.26, 
159088, -10.30, 48.40, -29.48, -228.00, 0.00, 0.00, 4.02, 22.26, 
159188, -10.57, 49.09, -28.34, -227.00, 0.00, 0.00, 4.02, 22.58, 
159288, -10.14, 48.27, -29.01, -226.00, 0.00, 0.00, 4.02, 22.26, 
159388, -10.37, 48.24, -28.81, -225.00, 0.00, 0.00, 4.02, 22.90, 
159488, -10.52, 48.36, -28.65, -224.00, 0.00, 0.00, 4.02, 22.58, 
159588, -10.08, 47.89, -28.90, -223.00, 0.00, 0.00, 4.02, 22.58, 
159688, -9.95, 48.44, -29.06, -222.00, 0.00, 0.00, 4.02, 22.26, 
159788, -10.09, 48.84, -28.94, -221.00, 0.00, 0.00, 4.02, 22.26, 
159888, -9.60, 49.06, -29.32, -220.00, 0.00, 0.00, 4.02, 22.90, 
159988, -10.15, 48.85, -27.86, -219.00, 0.00, 0.00, 4.02, 22.58, 
160088, -9.77, 48.68, -28.68, -218.00, 0.00, 0.00, 4.02, 22.58, 
160188, -9.96, 48.46, -28.09, -217.00, 0.00, 0.00, 4.02, 22.90, 
160288, -10.31, 48.30, -29.01, -216.00, 0.00, 0.00, 4.02, 22.58, 
160388, -9.70, 47.98, -28.90, -215.00, 0.00, 0.00, 4.02, 22.58, 
160488, -9.33, 48.31, -29.10, -214.00, 0.00, 0.00, 4.02, 22.58, 
160589, -9.26, 48.15, -28.75, -213.00, 0.00, 0.00, 4.02, 22.58, 
160688, -9.93, 47.81, -27.78, -212.00, 0.00, 0.00, 4.02, 22.58, 
160788, -9.30, 48.46, -28.53, -211.00, 0.00, 0.00, 4.02, 22.58, 
160888, -9.96, 48.14, -28.68, -210.00, 0.00, 0.00, 4.02, 22.58, 
160988, -9.60, 48.87, -29.20, -209.00, 0.00, 0.00, 4.02, 22.58, 
161088, -9.19, 48.15, -28.75, -208.00, 0.00, 0.00, 4.02, 22.90, 
161188, -10.05, 48.30, -28.08, -207.00, 0.00, 0.00, 4.02, 22.90, 
161288, -9.64, 48.47, -28.46, -206.00, 0.00, 0.00, 4.03, 22.26, 
161388, -9.33, 48.34, -28.40, -205.00, 0.00, 0.00, 4.03, 22.26, 
161488, -10.75, 48.44, -28.84, -204.00, 0.00, 0.00, 4.03, 22.58, 
161588, -9.70, 48.33, -29.30, -203.00, 0.00, 0.00, 4.03, 22.58, 
161688, -10.68, 47.83, -27.35, -202.00, 0.00, 0.00, 4.02, 21.61, 
161788, -9.67, 47.99, -28.16, -201.00, 0.00, 0.00, 4.03, 22.58, 
161888, -10.31, 48.38, -27.86, -200.00, 0.00, 0.00, 4.03, 22.58, 
161989, -10.98, 48.09, -27.89, -199.00, 0.00, 0.00, 4.03, 22.90, 
162088, -10.31, 48.06, -29.13, -198.00, 0.00, 0.00, 4.03, 22.90, 
162188, -10.60, 48.65, -28.59, -197.00, 0.00, 0.00, 4.03, 21.94, 
162288, -10.08, 48.44, -28.28, -196.00, 0.00, 0.00, 4.03, 22.58, 
162388, -10.40, 47.62, -27.27, -195.00, 0.00, 0.00, 4.03, 22.90, 
162488, -9.33, 48.25, -28.59, -194.00, 0.00, 0.00, 4.03, 22.58, 
162588, -9.89, 48.00, -28.43, -193.00, 0.00, 0.00, 4.03, 22.58, 
162688, -10.98, 47.98, -28.16, -192.00, 0.00, 0.00, 4.03, 22.26, 
162788, -10.56, 48.49, -28.85, -191.00, 0.00, 0.00, 4.03, 22.58, 
162888, -10.53, 48.30, -28.22, -190.00, 0.00, 0.00, 4.03, 22.26, 
162988, -10.62, 48.27, -28.12, -189.00, 0.00, 0.00, 4.03, 22.90, 
163088, -10.55, 48.50, -28.41, -188.00, 0.00, 0.00, 4.03, 22.58, 
163188, -10.21, 47.77, -28.82, -187.00, 0.00, 0.00, 4.03, 22.58, 
163288, -10.34, 48.15, -27.81, -186.00, 0.00, 0.00, 4.03, 22.90, 
163388, -9.95, 48.28, -27.23, -185.00, 0.00, 0.00, 4.03, 22.58, 
163488, -9.29, 48.09, -27.14, -184.00, 0.00, 0.00, 4.03, 21.61, 
163588, -10.49, 47.81, -27.74, -183.00, 0.00, 0.00, 4.03, 22.26, 
163688, -9.43, 48.22, -27.46, -182.00, 0.00, 0.00, 4.03, 22.58, 
163788, -10.12, 48.18, -28.28, -181.00, 0.00, 0.00, 4.03, 22.26, 
163888, -9.42, 48.65, -28.33, -180.00, 0.00, 0.00, 4.03, 22.58, 
163989, -9.24, 48.56, -28.30, -179.00, 0.00, 0.00, 4.03, 22.90, 
164088, -9.74, 48.31, -27.54, -178.00, 0.00, 0.00, 4.03, 21.61, 
164188, -8.92, 47.93, -28.57, -177.00, 0.00, 0.00, 4.03, 22.90, 
164288, -9.61, 48.85, -28.08, -176.00, 0.00, 0.00, 4.03, 22.58, 
164388, -8.97, 48.34, -28.30, -175.00, 0.00, 0.00, 4.03, 22.58, 
164488, -8.35, 48.60, -28.00, -174.00, 0.00, 0.00, 4.03, 22.90, 
164588, -8.89, 48.14, -28.15, -173.00, 0.00, 0.00, 4.03, 22.90, 
164688, -8.29, 48.21, -28.46, -172.00, 0.00, 0.00, 4.03, 22.26, 
164788, -8.76, 48.57, -28.16, -171.00, 0.00, 0.00, 4.03, 21.61, 
164888, -7.86, 48.62, -27.94, -170.00, 0.00, 0.00, 4.03, 22.58, 
164988, -7.59, 48.22, -28.28, -169.00, 0.00, 0.00, 4.03, 22.58, 
165088, -8.08, 48.25, -27.26, -168.00, 0.00, 0.00, 4.03, 22.58, 
165188, -7.32, 48.06, -27.90, -167.00, 0.00, 0.00, 4.03, 22.58, 
165288, -7.93, 48.09, -28.37, -166.00, 0.00, 0.00, 4.03, 22.58, 
165388, -7.64, 47.76, -27.93, -165.00, 0.00, 0.00, 4.03, 22.58, 
165488, -6.48, 47.68, -28.22, -164.00, 0.00, 0.00, 4.03, 22.58, 
165588, -7.02, 47.89, -28.21, -163.00, 0.00, 0.00, 4.03, 22.58, 
165688, -6.57, 47.84, -28.25, -162.00, 0.00, 0.00, 4.03, 22.58, 
165788, -6.15, 47.23, -28.31, -161.00, 0.00, 0.00, 4.03, 22.26, 
165888, -6.09, 47.76, -27.96, -160.00, 0.00, 0.00, 4.03, 22.58, 
165988, -5.75, 47.41, -28.21, -159.00, 0.00, 0.00, 4.03, 22.90, 
166088, -6.69, 47.79, -28.43, -158.00, 0.00, 0.00, 4.03, 22.26, 
166188, -6.26, 47.99, -27.99, -157.00, 0.00, 0.00, 4.03, 22.26, 
166288, -6.56, 47.89, -28.71, -156.00, 0.00, 0.00, 4.04, 22.58, 
166388, -6.42, 47.80, -27.36, -155.00, 0.00, 0.00, 4.04, 22.58, 
166488, -5.81, 47.52, -28.11, -154.00, 0.00, 0.00, 4.04, 22.58, 
166588, -6.26, 47.70, -27.07, -153.00, 0.00, 0.00, 4.04, 22.58, 
166688, -5.94, 47.54, -27.96, -152.00, 0.00, 0.00, 4.04, 22.90, 
166788, -5.59, 47.46, -28.60, -151.00, 0.00, 0.00, 4.04, 22.26, 
166888, -5.65, 47.67, -28.11, -150.00, 0.00, 0.00, 4.04, 22.58, 
166988, -5.88, 48.00, -28.09, -149.00, 0.00, 0.00, 4.04, 22.58, 
167088, -5.88, 48.00, -28.59, -148.00, 0.00, 0.00, 4.04, 22.26, 
167188, -6.06, 47.70, -28.16, -147.00, 0.00, 0.00, 4.04, 22.26, 
167288, -5.27, 47.43, -27.83, -146.00, 0.00, 0.00, 4.04, 22.90, 
167388, -5.72, 48.06, -27.78, -145.00, 0.00, 0.00, 4.04, 22.26, 
167488, -5.12, 47.39, -27.97, -144.00, 0.00, 0.00, 4.04, 22.58, 
167588, -5.58, 47.92, -28.46, -143.00, 0.00, 0.00, 4.04, 22.26, 
167689, -5.37, 47.86, -28.05, -142.00, 0.00, 0.00, 4.04, 22.90, 
167788, -4.99, 47.68, -27.99, -141.00, 0.00, 0.00, 4.04, 22.58, 
167888, -5.18, 47.81, -28.25, -140.00, 0.00, 0.00, 4.04, 22.26, 
167988, -4.79, 47.43, -28.73, -139.00, 0.00, 0.00, 4.04, 22.58, 
168088, -5.42, 47.38, -28.12, -138.00, 0.00, 0.00, 4.04, 22.90, 
168188, -4.57, 47.01, -28.02, -137.00, 0.00, 0.00, 4.04, 22.58, 
168288, -4.98, 47.14, -28.22, -136.00, 0.00, 0.00, 4.04, 22.90, 
168388, -4.17, 47.46, -28.25, -135.00, 0.00, 0.00, 4.04, 22.90, 
168488, -4.68, 47.43, -27.58, -134.00, 0.00, 0.00, 4.04, 22.58, 
168589, -5.08, 46.91, -27.42, -133.00, 0.00, 0.00, 4.04, 22.58, 
168688, -4.89, 47.29, -28.16, -132.00, 0.00, 0.00, 4.04, 22.58, 
168788, -4.49, 47.65, -28.11, -131.00, 0.00, 0.00, 4.04, 22.58, 
168888, -4.32, 47.24, -28.35, -130.00, 0.00, 0.00, 4.04, 22.58, 
168988, -4.83, 47.95, -27.67, -129.00, 0.00, 0.00, 4.04, 22.90, 
169087, -4.20, 47.32, -28.11, -128.00, 0.00, 0.00, 4.04, 22.90, 
169188, -4.51, 47.23, -27.46, -127.00, 0.00, 0.00, 4.04, 22.90, 
169288, -4.70, 47.52, -28.02, -126.00, 0.00, 0.00, 4.04, 21.94, 
169388, -4.61, 47.73, -27.99, -125.00, 0.00, 0.00, 4.04, 22.26, 
169488, -4.98, 48.11, -27.78, -124.00, 0.00, 0.00, 4.04, 22.58, 
169588, -6.22, 47.55, -28.30, -123.00, 0.00, 0.00, 4.04, 22.90, 
169688, -5.39, 47.29, -27.37, -122.00, 0.00, 0.00, 4.04, 22.90, 
169788, -5.36, 47.04, -28.98, -121.00, 0.00, 0.00, 4.04, 22.26, 
169888, -5.09, 47.36, -29.11, -120.00, 0.00, 0.00, 4.04, 22.26, 
169988, -5.15, 46.78, -27.94, -119.00, 0.00, 0.00, 4.04, 22.58, 
170088, -5.68, 46.95, -28.37, -118.00, 0.00, 0.00, 4.04, 22.26, 
170188, -5.49, 46.85, -28.81, -117.00, 0.00, 0.00, 4.04, 22.26, 
170288, -5.90, 46.89, -27.61, -116.00, 0.00, 0.00, 4.04, 22.58, 
170388, -5.34, 46.67, -27.81, -115.00, 0.00, 0.00, 4.04, 22.58, 
170488, -5.71, 47.42, -28.69, -114.00, 0.00, 0.00, 4.04, 21.94, 
170588, -5.72, 47.89, -28.87, -113.00, 0.00, 0.00, 4.04, 22.58, 
170688, -5.80, 47.29, -28.05, -112.00, 0.00, 0.00, 4.04, 22.90, 
170788, -5.82, 46.98, -27.51, -111.00, 0.00, 0.00, 4.04, 22.58, 
170889, -5.82, 47.67, -27.70, -110.00, 0.00, 0.00, 4.04, 22.90, 
170988, -5.85, 47.13, -28.40, -109.00, 0.00, 0.00, 4.04, 21.61, 
171088, -5.43, 47.51, -28.78, -108.00, 0.00, 0.00, 4.04, 22.90, 
171188, -5.65, 47.57, -28.11, -107.00, 0.00, 0.00, 4.04, 22.90, 
171288, -5.93, 47.86, -28.35, -106.00, 0.00, 0.00, 4.04, 22.58, 
171388, -5.33, 47.45, -28.50, -105.00, 0.00, 0.00, 4.04, 22.58, 
171488, -5.99, 47.92, -27.87, -104.00, 0.00, 0.00, 4.04, 22.58, 
171588, -4.52, 47.98, -27.77, -103.00, 0.00, 0.00, 4.04, 22.90, 
171688, -5.01, 47.99, -28.78, -102.00, 0.00, 0.00, 4.04, 22.90, 
171788, -5.18, 47.27, -28.59, -101.00, 0.00, 0.00, 4.04, 22.58, 
171889, -3.79, 47.11, -28.68, -100.00, 0.00, 0.00, 4.04, 22.26, 
171988, -4.64, 47.57, -28.06, -99.00, 0.00, 0.00, 4.04, 22.90, 
172088, -4.83, 47.73, -28.24, -98.00, 0.00, 0.00, 4.04, 22.90, 
172188, -4.66, 47.55, -27.97, -97.00, 0.00, 0.00, 4.04, 21.94, 
172288, -3.78, 47.55, -28.85, -96.00, 0.00, 0.00, 4.04, 22.26, 
172388, -4.17, 47.65, -28.40, -95.00, 0.00, 0.00, 4.04, 22.90, 
172488, -3.35, 47.77, -27.97, -94.00, 0.00, 0.00, 4.04, 21.94, 
172588, -2.45, 47.07, -28.54, -93.00, 0.00, 0.00, 4.04, 22.26, 
172688, -2.96, 47.19, -28.72, -92.00, 0.00, 0.00, 4.04, 22.58, 
172788, -2.19, 47.65, -27.70, -91.00, 0.00, 0.00, 4.04, 22.58, 
172888, -1.95, 47.13, -28.75, -90.00, 0.00, 0.00, 4.04, 22.90, 
172988, -2.29, 47.20, -28.35, -89.00, 0.00, 0.00, 4.04, 22.58, 
173088, -2.04, 47.42, -29.04, -88.00, 0.00, 0.00, 4.04, 22.90, 
173188, -2.23, 47.67, -28.78, -87.00, 0.00, 0.00, 4.04, 22.58, 
173288, -2.32, 47.45, -27.64, -86.00, 0.00, 0.00, 4.04, 22.58, 
173388, -1.69, 47.22, -27.70, -85.00, 0.00, 0.00, 4.04, 22.58, 
173488, -2.08, 47.01, -27.77, -84.00, 0.00, 0.00, 4.04, 22.90, 
173588, -2.76, 47.03, -27.90, -83.00, 0.00, 0.00, 4.04, 22.58, 
173688, -1.69, 47.14, -28.50, -82.00, 0.00, 0.00, 4.04, 22.26, 
173788, -2.86, 46.78, -28.43, -81.00, 0.00, 0.00, 4.04, 22.58, 
173888, -2.87, 47.35, -27.94, -80.00, 0.00, 0.00, 4.04, 22.90, 
173988, -2.55, 47.00, -27.74, -79.00, 0.00, 0.00, 4.04, 22.90, 
174088, -3.52, 46.89, -28.27, -78.00, 0.00, 0.00, 4.05, 22.26, 
174188, -2.95, 46.48, -28.11, -77.00, 0.00, 0.00, 4.05, 21.94, 
174288, -3.40, 46.50, -28.38, -76.00, 0.00, 0.00, 4.04, 22.58, 
174388, -3.72, 46.79, -28.05, -75.00, 0.00, 0.00, 4.05, 22.58, 
174488, -3.19, 46.53, -28.34, -74.00, 0.00, 0.00, 4.04, 22.90, 
174588, -3.94, 47.03, -27.86, -73.00, 0.00, 0.00, 4.05, 22.26, 
174688, -3.22, 46.57, -27.94, -72.00, 0.00, 0.00, 4.05, 22.26, 
174788, -3.41, 47.11, -28.43, -71.00, 0.00, 0.00, 4.05, 22.26, 
174888, -2.89, 46.75, -28.68, -70.00, 0.00, 0.00, 4.05, 22.58, 
174988, -3.52, 47.05, -27.51, -69.00, 0.00, 0.00, 4.05, 22.90, 
175088, -3.16, 47.16, -28.19, -68.00, 0.00, 0.00, 4.05, 22.58, 
175188, -3.15, 46.95, -28.98, -67.00, 0.00, 0.00, 4.05, 22.90, 
175288, -3.00, 46.31, -28.12, -66.00, 0.00, 0.00, 4.05, 22.58, 
175388, -2.99, 46.76, -28.33, -65.00, 0.00, 0.00, 4.05, 22.90, 
175487, -3.54, 46.56, -27.80, -64.00, 0.00, 0.00, 4.05, 22.90, 
175588, -3.06, 46.82, -28.12, -63.00, 0.00, 0.00, 4.05, 22.58, 
175688, -2.23, 46.76, -27.36, -62.00, 0.00, 0.00, 4.05, 22.90, 
175788, -2.78, 46.86, -28.49, -61.00, 0.00, 0.00, 4.05, 21.61, 
175888, -2.74, 46.79, -27.21, -60.00, 0.00, 0.00, 4.05, 22.58, 
175988, -2.55, 46.73, -28.05, -59.00, 0.00, 0.00, 4.05, 22.26, 
176088, -2.76, 46.76, -27.30, -58.00, 0.00, 0.00, 4.05, 22.58, 
176188, -2.43, 46.94, -28.57, -57.00, 0.00, 0.00, 4.05, 22.58, 
176289, -2.43, 47.08, -28.50, -56.00, 0.00, 0.00, 4.05, 22.58, 
176389, -2.62, 47.35, -27.99, -55.00, 0.00, 0.00, 4.05, 21.61, 
176488, -2.49, 46.48, -28.37, -54.00, 0.00, 0.00, 4.05, 22.90, 
176588, -1.97, 46.75, -28.18, -53.00, 0.00, 0.00, 4.05, 22.58, 
176688, -2.19, 46.63, -29.04, -52.00, 0.00, 0.00, 4.05, 22.58, 
176788, -2.27, 46.94, -28.73, -51.00, 0.00, 0.00, 4.05, 22.58, 
176888, -2.36, 46.75, -27.42, -50.00, 0.00, 0.00, 4.05, 22.58, 
176988, -1.86, 46.89, -28.19, -49.00, 0.00, 0.00, 4.05, 22.26, 
177088, -2.33, 47.23, -28.72, -48.00, 0.00, 0.00, 4.05, 22.58, 
177189, -1.98, 47.04, -27.94, -47.00, 0.00, 0.00, 4.05, 22.58, 
177288, -2.00, 46.59, -29.14, -46.00, 0.00, 0.00, 4.05, 22.58, 
177388, -2.29, 46.57, -27.84, -45.00, 0.00, 0.00, 4.05, 22.58, 
177488, -2.29, 47.05, -27.97, -44.00, 0.00, 0.00, 4.05, 22.26, 
177588, -1.73, 47.01, -28.00, -43.00, 0.00, 0.00, 4.05, 20.32, 
177688, -1.62, 46.86, -27.97, -42.00, 0.00, 0.00, 4.05, 22.58, 
177788, -1.05, 47.33, -27.94, -41.00, 0.00, 0.00, 4.05, 22.58, 
177888, -1.92, 46.70, -28.38, -40.00, 0.00, 0.00, 4.05, 22.58, 
177988, -1.72, 46.81, -27.97, -39.00, 0.00, 0.00, 4.05, 22.90, 
178088, -1.86, 46.92, -27.77, -38.00, 0.00, 0.00, 4.05, 22.58, 
178188, -1.26, 46.67, -27.96, -37.00, 0.00, 0.00, 4.05, 22.58, 
178288, -1.54, 46.51, -27.84, -36.00, 0.00, 0.00, 4.05, 22.26, 
178388, -0.69, 46.73, -28.03, -35.00, 0.00, 0.00, 4.05, 22.58, 
178488, -1.35, 46.67, -28.37, -34.00, 0.00, 0.00, 4.05, 22.58, 
178588, -0.74, 47.00, -27.89, -33.00, 0.00, 0.00, 4.05, 22.90, 
178687, -0.77, 46.94, -27.92, -32.00, 0.00, 0.00, 4.05, 22.26, 
178788, -0.86, 47.17, -28.21, -31.00, 0.00, 0.00, 4.05, 22.90, 
178888, -0.42, 47.01, -28.15, -30.00, 0.00, 0.00, 4.05, 22.58, 
178988, -1.26, 46.46, -27.33, -29.00, 0.00, 0.00, 4.05, 22.58, 
179088, -0.50, 46.81, -28.22, -28.00, 0.00, 0.00, 4.05, 21.61, 
179188, -0.08, 46.54, -27.68, -27.00, 0.00, 0.00, 4.05, 22.90, 
179288, -0.67, 46.85, -27.39, -26.00, 0.00, 0.00, 4.05, 22.58, 
179388, -0.23, 46.62, -27.49, -25.00, 0.00, 0.00, 4.05, 22.26, 
179488, -0.65, 46.32, -27.61, -24.00, 0.00, 0.00, 4.05, 22.58, 
179588, -0.23, 46.06, -27.49, -23.00, 0.00, 0.00, 4.05, 22.58, 
179688, 0.37, 45.94, -27.87, -22.00, 0.00, 0.00, 4.05, 22.90, 
179788, -0.69, 46.24, -27.36, -21.00, 0.00, 0.00, 4.05, 22.90, 
179888, 0.11, 46.76, -27.75, -20.00, 0.00, 0.00, 4.05, 22.26, 
179988, -0.46, 46.50, -27.24, -19.00, 0.00, 0.00, 4.05, 22.58, 
180088, 0.05, 46.38, -27.32, -18.00, 0.00, 0.00, 4.05, 22.58, 
180188, 0.58, 46.51, -27.89, -17.00, 0.00, 0.00, 4.05, 22.58, 
180288, 0.23, 46.95, -27.71, -16.00, 0.00, 0.00, 4.05, 22.90, 
180388, -0.02, 46.66, -27.86, -15.00, 0.00, 0.00, 4.05, 22.90, 
180488, 0.23, 46.89, -26.76, -14.00, 0.00, 0.00, 4.05, 22.58, 
180588, 0.08, 46.63, -27.54, -13.00, 0.00, 0.00, 4.05, 22.26, 
180688, -0.08, 46.63, -27.37, -12.00, 0.00, 0.00, 4.05, 22.90, 
180788, 0.18, 45.83, -27.26, -11.00, 0.00, 0.00, 4.05, 22.90, 
180888, 0.14, 46.43, -28.30, -10.00, 0.00, 0.00, 4.05, 22.58, 
180988, 0.52, 46.72, -28.19, -9.00, 0.00, 0.00, 4.05, 21.94, 
181087, 0.15, 45.99, -28.02, -8.00, 0.00, 0.00, 4.05, 22.58, 
181188, 0.14, 46.57, -28.40, -7.00, 0.00, 0.00, 4.05, 22.90, 
181288, -0.11, 46.32, -27.67, -6.00, 0.00, 0.00, 4.05, 22.26, 
181388, 0.26, 46.27, -28.21, -5.00, 0.00, 0.00, 4.05, 22.58, 
181487, 0.36, 46.25, -28.25, -4.00, 0.00, 0.00, 4.05, 22.90, 
181588, 0.26, 46.03, -28.37, -3.00, 0.00, 0.00, 4.05, 22.26, 
181687, 0.65, 46.28, -27.89, -2.00, 0.00, 0.00, 4.05, 22.58, 
181787, 0.53, 46.21, -28.63, -1.00, 0.00, 0.00, 4.05, 22.26, 
181887, 0.83, 46.44, -28.52, 0.00, 0.00, 0.00, 4.05, 22.58, 
181987, 0.52, 45.86, -29.10, 1.00, 0.00, 0.00, 4.05, 22.58, 
182087, 1.21, 45.96, -28.40, 2.00, 0.00, 0.00, 4.05, 22.90, 
182188, 0.87, 46.40, -27.81, 3.00, 0.00, 0.00, 4.05, 22.58, 
182288, 0.68, 46.56, -27.97, 4.00, 0.00, 0.00, 4.05, 22.90, 
182389, 1.22, 45.93, -28.57, 5.00, 0.00, 0.00, 4.05, 22.90, 
182488, 0.90, 46.22, -28.02, 6.00, 0.00, 0.00, 4.05, 22.58, 
182588, 1.10, 46.54, -27.55, 7.00, 0.00, 0.00, 4.05, 22.58, 
182688, 1.37, 46.50, -27.13, 8.00, 0.00, 0.00, 4.05, 22.90, 
182788, 1.21, 46.13, -27.75, 9.00, 0.00, 0.00, 4.05, 22.58, 
182888, 1.53, 46.22, -28.75, 10.00, 0.00, 0.00, 4.05, 21.94, 
182988, 1.47, 46.02, -28.87, 11.00, 0.00, 0.00, 4.05, 22.58, 
183088, 1.57, 46.25, -28.46, 12.00, 0.00, 0.00, 4.05, 21.94, 
183188, 0.56, 46.35, -28.13, 13.00, 0.00, 0.00, 4.05, 22.90, 
183288, 1.41, 46.28, -28.46, 14.00, 0.00, 0.00, 4.05, 22.58, 
183388, 2.10, 46.22, -29.25, 15.00, 0.00, 0.00, 4.05, 22.58, 
183487, 1.73, 46.70, -28.73, 16.00, 0.00, 0.00, 4.05, 22.58, 
183588, 1.67, 46.69, -28.92, 17.00, 0.00, 0.00, 4.05, 22.90, 
183688, 1.41, 46.79, -28.59, 18.00, 0.00, 0.00, 4.05, 22.26, 
183788, 1.43, 46.59, -28.34, 19.00, 0.00, 0.00, 4.05, 22.58, 
183888, 1.76, 46.94, -27.74, 20.00, 0.00, 0.00, 4.05, 22.26, 
183988, 2.00, 46.60, -28.19, 21.00, 0.00, 0.00, 4.05, 22.90, 
184088, 1.83, 46.43, -28.24, 22.00, 0.00, 0.00, 4.05, 22.26, 
184188, 1.91, 46.43, -27.55, 23.00, 0.00, 0.00, 4.05, 22.58, 
184288, 2.05, 46.43, -28.38, 24.00, 0.00, 0.00, 4.05, 22.58, 
184389, 2.38, 45.91, -28.41, 25.00, 0.00, 0.00, 4.05, 22.26, 
184488, 2.78, 46.86, -28.12, 26.00, 0.00, 0.00, 4.05, 22.26, 
184588, 2.58, 46.88, -28.40, 27.00, 0.00, 0.00, 4.05, 22.90, 
184688, 2.40, 46.59, -28.38, 28.00, 0.00, 0.00, 4.05, 22.58, 
184788, 3.11, 46.66, -29.11, 29.00, 0.00, 0.00, 4.05, 22.58, 
184888, 3.35, 46.18, -28.56, 30.00, 0.00, 0.00, 4.05, 22.26, 
184988, 3.05, 46.32, -28.35, 31.00, 0.00, 0.00, 4.05, 22.90, 
185087, 3.11, 46.22, -28.28, 32.00, 0.00, 0.00, 4.05, 21.61, 
185188, 3.22, 46.57, -28.28, 33.00, 0.00, 0.00, 4.05, 22.58, 
185288, 3.56, 46.31, -28.40, 34.00, 0.00, 0.00, 4.05, 22.26, 
185388, 2.95, 46.31, -28.05, 35.00, 0.00, 0.00, 4.05, 22.26, 
185488, 3.54, 46.72, -28.37, 36.00, 0.00, 0.00, 4.05, 22.26, 
185588, 3.49, 46.69, -28.21, 37.00, 0.00, 0.00, 4.05, 22.90, 
185688, 3.62, 46.76, -28.38, 38.00, 0.00, 0.00, 4.05, 22.58, 
185788, 3.63, 46.32, -28.12, 39.00, 0.00, 0.00, 4.05, 22.58, 
185888, 4.17, 46.05, -28.11, 40.00, 0.00, 0.00, 4.05, 22.58, 
185988, 3.79, 46.38, -27.70, 41.00, 0.00, 0.00, 4.05, 22.58, 
186088, 4.22, 46.00, -28.69, 42.00, 0.00, 0.00, 4.05, 21.94, 
186188, 3.85, 45.42, -28.38, 43.00, 0.00, 0.00, 4.05, 22.58, 
186288, 3.87, 46.00, -28.22, 44.00, 0.00, 0.00, 4.05, 22.26, 
186388, 4.17, 45.91, -28.05, 45.00, 0.00, 0.00, 4.05, 22.58, 
186488, 4.30, 46.03, -27.96, 46.00, 0.00, 0.00, 4.05, 22.58, 
186588, 3.95, 46.10, -27.75, 47.00, 0.00, 0.00, 4.05, 22.58, 
186688, 4.39, 46.08, -27.55, 48.00, 0.00, 0.00, 4.05, 22.90, 
186788, 4.25, 46.40, -27.20, 49.00, 0.00, 0.00, 4.05, 22.26, 
186888, 4.39, 45.74, -27.29, 50.00, 0.00, 0.00, 4.05, 22.58, 
186988, 4.38, 46.02, -27.27, 51.00, 0.00, 0.00, 4.05, 22.26, 
187088, 4.48, 46.56, -27.86, 52.00, 0.00, 0.00, 4.05, 22.90, 
187189, 4.51, 45.83, -27.80, 53.00, 0.00, 0.00, 4.05, 22.58, 
187288, 4.44, 46.21, -27.83, 54.00, 0.00, 0.00, 4.05, 22.58, 
187388, 4.49, 46.24, -27.68, 55.00, 0.00, 0.00, 4.05, 22.58, 
187488, 4.90, 46.16, -27.68, 56.00, 0.00, 0.00, 4.05, 22.58, 
187588, 4.74, 46.22, -28.02, 57.00, 0.00, 0.00, 4.05, 22.58, 
187688, 5.04, 45.86, -28.28, 58.00, 0.00, 0.00, 4.05, 22.58, 
187788, 4.93, 46.35, -28.69, 59.00, 0.00, 0.00, 4.05, 21.94, 
187888, 5.15, 46.12, -27.84, 60.00, 0.00, 0.00, 4.05, 22.58, 
187988, 4.44, 46.03, -27.90, 61.00, 0.00, 0.00, 4.05, 22.58, 
188088, 4.98, 46.13, -28.19, 62.00, 0.00, 0.00, 4.05, 22.58, 
188188, 4.64, 45.99, -28.35, 63.00, 0.00, 0.00, 4.05, 22.58, 
188287, 3.53, 46.25, -28.85, 64.00, 0.00, 0.00, 4.05, 22.58, 
188388, 4.49, 46.22, -27.49, 65.00, 0.00, 0.00, 4.05, 22.90, 
188488, 4.29, 46.27, -29.13, 66.00, 0.00, 0.00, 4.05, 22.58, 
188588, 4.11, 46.27, -28.40, 67.00, 0.00, 0.00, 4.05, 22.58, 
188688, 3.90, 46.10, -28.50, 68.00, 0.00, 0.00, 4.05, 22.58, 
188788, 2.86, 45.94, -28.63, 69.00, 0.00, 0.00, 4.05, 22.58, 
188888, 4.07, 46.29, -29.00, 70.00, 0.00, 0.00, 4.05, 22.90, 
188988, 3.05, 46.56, -29.28, 71.00, 0.00, 0.00, 4.05, 22.58, 
189088, 3.50, 46.34, -29.54, 72.00, 0.00, 0.00, 4.05, 22.58, 
189188, 3.21, 46.25, -29.95, 73.00, 0.00, 0.00, 4.05, 22.58, 
189288, 2.55, 46.24, -29.85, 74.00, 0.00, 0.00, 4.05, 22.58, 
189388, 3.15, 45.86, -29.33, 75.00, 0.00, 0.00, 4.05, 22.58, 
189488, 3.16, 46.31, -29.30, 76.00, 0.00, 0.00, 4.05, 21.61, 
189588, 3.43, 46.05, -29.41, 77.00, 0.00, 0.00, 4.05, 22.58, 
189688, 2.96, 46.41, -29.71, 78.00, 0.00, 0.00, 4.05, 21.94, 
189788, 3.08, 46.18, -29.63, 79.00, 0.00, 0.00, 4.05, 22.26, 
189888, 3.43, 45.64, -29.32, 80.00, 0.00, 0.00, 4.04, 22.58, 
189988, 4.25, 45.64, -29.36, 81.00, 0.00, 0.00, 4.05, 22.26, 
190088, 4.30, 46.37, -30.40, 82.00, 0.00, 0.00, 4.05, 22.58, 
190188, 3.85, 46.27, -29.93, 83.00, 0.00, 0.00, 4.05, 22.58, 
190288, 4.63, 46.34, -29.20, 84.00, 0.00, 0.00, 4.04, 22.26, 
190388, 4.11, 46.37, -29.38, 85.00, 0.00, 0.00, 4.05, 22.58, 
190488, 4.70, 46.27, -29.98, 86.00, 0.00, 0.00, 4.04, 22.58, 
190588, 5.37, 45.80, -30.14, 87.00, 0.00, 0.00, 4.05, 22.58, 
190688, 4.29, 46.38, -30.11, 88.00, 0.00, 0.00, 4.04, 22.58, 
190788, 5.17, 45.81, -29.44, 89.00, 0.00, 0.00, 4.04, 22.58, 
190888, 4.54, 46.43, -29.96, 90.00, 0.00, 0.00, 4.04, 22.58, 
190989, 5.05, 46.44, -29.92, 91.00, 0.00, 0.00, 4.04, 21.61, 
191089, 5.39, 45.93, -29.14, 92.00, 0.00, 0.00, 4.04, 22.58, 
191189, 4.54, 45.70, -29.79, 93.00, 0.00, 0.00, 4.04, 22.58, 
191289, 5.58, 45.74, -29.71, 94.00, 0.00, 0.00, 4.04, 22.26, 
191389, 5.93, 46.12, -29.63, 95.00, 0.00, 0.00, 4.04, 22.90, 
191489, 5.53, 46.63, -29.51, 96.00, 0.00, 0.00, 4.04, 22.58, 
191590, 5.96, 46.75, -29.42, 97.00, 0.00, 0.00, 4.04, 22.90, 
191689, 4.82, 45.86, -29.30, 98.00, 0.00, 0.00, 4.04, 21.61, 
191789, 5.46, 45.97, -29.47, 99.00, 0.00, 0.00, 4.04, 22.26, 
191889, 6.04, 46.18, -29.58, 100.00, 0.00, 0.00, 4.04, 22.58, 
191989, 5.44, 46.00, -29.00, 101.00, 0.00, 0.00, 4.04, 22.58, 
192089, 6.31, 46.60, -30.02, 102.00, 0.00, 0.00, 4.04, 22.58, 
192189, 5.30, 46.41, -29.39, 103.00, 0.00, 0.00, 4.04, 22.58, 
192289, 6.31, 45.94, -30.20, 104.00, 0.00, 0.00, 4.04, 22.26, 
192389, 6.64, 45.91, -30.77, 105.00, 0.00, 0.00, 4.04, 22.58, 
192489, 6.54, 46.27, -30.25, 106.00, 0.00, 0.00, 4.04, 22.58, 
192589, 6.50, 46.00, -29.41, 107.00, 0.00, 0.00, 4.04, 22.58, 
192689, 7.11, 45.05, -29.63, 108.00, 0.00, 0.00, 4.04, 22.26, 
192789, 6.58, 45.64, -29.85, 109.00, 0.00, 0.00, 4.04, 22.90, 
192889, 7.46, 45.67, -29.76, 110.00, 0.00, 0.00, 4.04, 21.94, 
192989, 7.18, 45.42, -29.83, 111.00, 0.00, 0.00, 4.04, 21.94, 
193089, 7.78, 45.65, -29.98, 112.00, 0.00, 0.00, 4.04, 22.58, 
193190, 7.64, 45.45, -29.51, 113.00, 0.00, 0.00, 4.04, 22.26, 
193289, 8.05, 45.48, -29.47, 114.00, 0.00, 0.00, 4.04, 22.26, 
193389, 8.21, 45.78, -29.98, 115.00, 0.00, 0.00, 4.04, 22.58, 
193489, 7.89, 45.89, -30.18, 116.00, 0.00, 0.00, 4.04, 22.58, 
193589, 8.08, 45.97, -29.17, 117.00, 0.00, 0.00, 4.04, 22.58, 
193690, 8.67, 45.71, -28.90, 118.00, 0.00, 0.00, 4.04, 22.58, 
193789, 8.38, 45.24, -29.60, 119.00, 0.00, 0.00, 4.04, 22.90, 
193889, 8.91, 45.48, -29.14, 120.00, 0.00, 0.00, 4.04, 22.90, 
193989, 8.56, 45.52, -29.63, 121.00, 0.00, 0.00, 4.04, 22.58, 
194089, 9.04, 45.15, -30.43, 122.00, 0.00, 0.00, 4.04, 22.90, 
194189, 8.97, 44.95, -30.04, 123.00, 0.00, 0.00, 4.04, 22.26, 
194289, 8.81, 45.55, -30.01, 124.00, 0.00, 0.00, 4.04, 22.58, 
194389, 8.94, 45.68, -29.68, 125.00, 0.00, 0.00, 4.04, 21.61, 
194489, 9.07, 45.62, -29.41, 126.00, 0.00, 0.00, 4.04, 22.26, 
194589, 9.17, 45.32, -29.45, 127.00, 0.00, 0.00, 4.04, 22.58, 
194689, 8.97, 45.23, -29.55, 128.00, 0.00, 0.00, 4.04, 22.58, 
194790, 9.45, 45.18, -29.51, 129.00, 0.00, 0.00, 4.04, 22.90, 
194889, 8.79, 45.48, -29.54, 130.00, 0.00, 0.00, 4.04, 22.90, 
194989, 9.41, 45.86, -29.61, 131.00, 0.00, 0.00, 4.04, 22.58, 
195089, 8.89, 44.88, -29.54, 132.00, 0.00, 0.00, 4.04, 22.58, 
195189, 8.10, 45.21, -30.28, 133.00, 0.00, 0.00, 4.04, 21.61, 
195289, 8.76, 45.42, -30.36, 134.00, 0.00, 0.00, 4.04, 22.58, 
195389, 8.27, 44.82, -30.46, 135.00, 0.00, 0.00, 4.04, 22.90, 
195490, 9.57, 45.52, -30.33, 136.00, 0.00, 0.00, 4.04, 22.26, 
195589, 9.01, 45.58, -30.02, 137.00, 0.00, 0.00, 4.04, 22.58, 
195689, 8.08, 45.70, -29.90, 138.00, 0.00, 0.00, 4.04, 22.58, 
195789, 8.66, 45.02, -30.47, 139.00, 0.00, 0.00, 4.04, 22.58, 
195889, 8.43, 45.34, -30.78, 140.00, 0.00, 0.00, 4.04, 22.58, 
195989, 8.63, 45.72, -29.83, 141.00, 0.00, 0.00, 4.04, 22.58, 
196089, 8.12, 45.77, -30.91, 142.00, 0.00, 0.00, 4.04, 22.58, 
196189, 8.24, 45.32, -31.54, 143.00, 0.00, 0.00, 4.04, 22.90, 
196289, 8.73, 45.71, -31.42, 144.00, 0.00, 0.00, 4.04, 21.61, 
196389, 8.00, 45.37, -31.73, 145.00, 0.00, 0.00, 4.04, 22.90, 
196489, 8.59, 45.56, -30.65, 146.00, 0.00, 0.00, 4.04, 22.58, 
196589, 8.29, 45.61, -30.44, 147.00, 0.00, 0.00, 4.04, 22.58, 
196689, 8.09, 44.91, -31.01, 148.00, 0.00, 0.00, 4.04, 22.26, 
196789, 7.97, 45.20, -30.65, 149.00, 0.00, 0.00, 4.04, 22.26, 
196890, 7.74, 45.89, -31.15, 150.00, 0.00, 0.00, 4.04, 22.26, 
196990, 7.74, 45.37, -30.78, 151.00, 0.00, 0.00, 4.04, 21.61, 
197090, 7.89, 45.48, -30.68, 152.00, 0.00, 0.00, 4.04, 22.58, 
197190, 7.59, 45.21, -30.71, 153.00, 0.00, 0.00, 4.04, 22.26, 
197290, 8.02, 45.08, -30.40, 154.00, 0.00, 0.00, 4.04, 21.61, 
197390, 7.72, 45.68, -31.44, 155.00, 0.00, 0.00, 4.04, 22.58, 
197490, 7.93, 45.80, -30.71, 156.00, 0.00, 0.00, 4.04, 22.90, 
197590, 8.13, 45.58, -30.85, 157.00, 0.00, 0.00, 4.04, 21.61, 
197690, 7.74, 45.27, -31.03, 158.00, 0.00, 0.00, 4.04, 22.58, 
197790, 8.38, 45.40, -31.13, 159.00, 0.00, 0.00, 4.03, 22.58, 
197890, 7.86, 45.37, -30.96, 160.00, 0.00, 0.00, 4.03, 21.61, 
197990, 7.90, 45.18, -31.19, 161.00, 0.00, 0.00, 4.04, 21.61, 
198090, 8.31, 45.48, -31.79, 162.00, 0.00, 0.00, 4.03, 21.61, 
198190, 8.21, 45.05, -30.71, 163.00, 0.00, 0.00, 4.03, 22.26, 
198290, 7.81, 45.49, -30.85, 164.00, 0.00, 0.00, 4.03, 22.58, 
198390, 8.13, 45.43, -30.55, 165.00, 0.00, 0.00, 4.03, 21.94, 
198490, 8.59, 45.84, -30.90, 166.00, 0.00, 0.00, 4.03, 22.90, 
198590, 8.48, 45.67, -30.77, 167.00, 0.00, 0.00, 4.03, 21.94, 
198691, 8.62, 45.67, -31.15, 168.00, 0.00, 0.00, 4.03, 22.26, 
198790, 8.88, 46.10, -30.97, 169.00, 0.00, 0.00, 4.03, 21.94, 
198890, 8.51, 45.36, -31.75, 170.00, 0.00, 0.00, 4.03, 22.26, 
198990, 8.60, 45.39, -31.32, 171.00, 0.00, 0.00, 4.03, 21.61, 
199090, 8.85, 45.11, -31.06, 172.00, 0.00, 0.00, 4.03, 22.58, 
199190, 8.75, 45.91, -30.87, 173.00, 0.00, 0.00, 4.03, 22.26, 
199290, 8.84, 45.52, -31.48, 174.00, 0.00, 0.00, 4.03, 22.26, 
199390, 8.94, 45.61, -31.51, 175.00, 0.00, 0.00, 4.03, 22.58, 
199490, 9.83, 45.80, -31.41, 176.00, 0.00, 0.00, 4.03, 22.26, 
199590, 9.26, 45.71, -30.55, 177.00, 0.00, 0.00, 4.03, 22.58, 
199690, 9.96, 45.67, -30.71, 178.00, 0.00, 0.00, 4.03, 21.94, 
199790, 10.74, 46.21, -31.54, 179.00, 0.00, 0.00, 4.03, 22.58, 
199890, 10.46, 45.58, -31.47, 180.00, 0.00, 0.00, 4.03, 21.94, 
199990, 11.47, 46.00, -30.65, 181.00, 0.00, 0.00, 4.03, 22.26, 
200090, 10.95, 45.36, -31.85, 182.00, 0.00, 0.00, 4.03, 22.58, 
200190, 11.58, 45.78, -30.90, 183.00, 0.00, 0.00, 4.03, 22.26, 
200290, 11.76, 45.07, -31.48, 184.00, 0.00, 0.00, 4.03, 21.94, 
200390, 11.89, 45.02, -31.22, 185.00, 0.00, 0.00, 4.03, 22.26, 
200490, 12.17, 46.19, -31.51, 186.00, 0.00, 0.00, 4.03, 22.26, 
200590, 12.33, 45.33, -30.43, 187.00, 0.00, 0.00, 4.03, 22.26, 
200690, 12.21, 45.37, -30.87, 188.00, 0.00, 0.00, 4.03, 22.26, 
200790, 11.60, 45.37, -31.85, 189.00, 0.00, 0.00, 4.03, 22.58, 
200890, 12.26, 45.71, -30.97, 190.00, 0.00, 0.00, 4.03, 22.58, 
200990, 10.93, 45.58, -30.63, 191.00, 0.00, 0.00, 4.03, 21.61, 
201089, 12.01, 45.02, -31.16, 192.00, 0.00, 0.00, 4.03, 22.26, 
201190, 11.04, 45.45, -31.16, 193.00, 0.00, 0.00, 4.03, 21.94, 
201290, 10.78, 45.53, -30.72, 194.00, 0.00, 0.00, 4.03, 22.26, 
201390, 11.00, 45.96, -31.00, 195.00, 0.00, 0.00, 4.03, 22.26, 
201490, 11.17, 45.14, -31.19, 196.00, 0.00, 0.00, 4.03, 21.94, 
201590, 11.76, 45.68, -31.34, 197.00, 0.00, 0.00, 4.03, 22.26, 
201691, 10.78, 45.13, -31.03, 198.00, 0.00, 0.00, 4.03, 22.58, 
201790, 10.72, 45.58, -31.20, 199.00, 0.00, 0.00, 4.03, 22.26, 
201890, 11.57, 44.96, -30.90, 200.00, 0.00, 0.00, 4.03, 22.26, 
201990, 11.36, 45.51, -31.98, 201.00, 0.00, 0.00, 4.03, 22.58, 
202090, 10.87, 45.39, -31.98, 202.00, 0.00, 0.00, 4.03, 21.61, 
202190, 11.52, 45.77, -31.41, 203.00, 0.00, 0.00, 4.03, 21.61, 
202290, 11.04, 45.40, -31.56, 204.00, 0.00, 0.00, 4.03, 21.61, 
202390, 11.29, 45.94, -31.41, 205.00, 0.00, 0.00, 4.02, 21.94, 
202490, 11.25, 45.27, -31.94, 206.00, 0.00, 0.00, 4.02, 22.58, 
202590, 11.70, 46.06, -31.70, 207.00, 0.00, 0.00, 4.02, 22.26, 
202691, 11.19, 45.33, -31.75, 208.00, 0.00, 0.00, 4.02, 22.26, 
202790, 11.07, 45.65, -31.76, 209.00, 0.00, 0.00, 4.02, 22.26, 
202890, 11.42, 45.61, -31.89, 210.00, 0.00, 0.00, 4.02, 21.94, 
202990, 11.42, 46.13, -32.32, 211.00, 0.00, 0.00, 4.02, 22.26, 
203090, 11.66, 45.53, -31.29, 212.00, 0.00, 0.00, 4.02, 22.90, 
203190, 11.54, 45.39, -31.60, 213.00, 0.00, 0.00, 4.02, 22.58, 
203290, 12.12, 45.08, -31.69, 214.00, 0.00, 0.00, 4.02, 21.94, 
203390, 11.23, 44.99, -31.83, 215.00, 0.00, 0.00, 4.02, 22.26, 
203490, 11.74, 45.52, -32.01, 216.00, 0.00, 0.00, 4.02, 22.58, 
203590, 11.88, 45.51, -31.72, 217.00, 0.00, 0.00, 4.02, 22.58, 
203690, 11.93, 45.26, -31.86, 218.00, 0.00, 0.00, 4.02, 21.61, 
203790, 11.86, 45.67, -32.39, 219.00, 0.00, 0.00, 4.02, 21.61, 
203890, 12.45, 45.67, -31.85, 220.00, 0.00, 0.00, 4.02, 22.26, 
203991, 11.99, 45.40, -31.83, 221.00, 0.00, 0.00, 4.02, 22.58, 
204090, 12.14, 45.81, -31.86, 222.00, 0.00, 0.00, 4.02, 22.26, 
204190, 12.33, 45.33, -32.17, 223.00, 0.00, 0.00, 4.02, 22.58, 
204290, 12.04, 45.34, -32.81, 224.00, 0.00, 0.00, 4.02, 22.26, 
204390, 12.15, 44.96, -31.37, 225.00, 0.00, 0.00, 4.02, 22.26, 
204490, 12.24, 45.18, -32.74, 226.00, 0.00, 0.00, 4.02, 22.26, 
204590, 12.14, 45.23, -32.74, 227.00, 0.00, 0.00, 4.02, 21.61, 
204690, 12.17, 45.34, -31.96, 228.00, 0.00, 0.00, 4.02, 22.58, 
204790, 12.39, 45.33, -32.53, 229.00, 0.00, 0.00, 4.02, 22.26, 
204890, 12.04, 45.46, -31.45, 230.00, 0.00, 0.00, 4.02, 22.26, 
204990, 12.39, 45.96, -32.07, 231.00, 0.00, 0.00, 4.02, 21.61, 
205090, 12.31, 45.40, -32.61, 232.00, 0.00, 0.00, 4.02, 21.61, 
205190, 12.71, 45.45, -31.41, 233.00, 0.00, 0.00, 4.02, 22.26, 
205290, 12.17, 46.03, -30.96, 234.00, 0.00, 0.00, 4.02, 22.58, 
205390, 12.66, 46.27, -31.56, 235.00, 0.00, 0.00, 4.02, 22.58, 
205490, 12.55, 45.91, -32.01, 236.00, 0.00, 0.00, 4.02, 22.26, 
205591, 12.47, 45.90, -32.10, 237.00, 0.00, 0.00, 4.02, 22.58, 
205690, 12.84, 45.51, -31.98, 238.00, 0.00, 0.00, 4.02, 21.94, 
205790, 12.88, 45.61, -32.32, 239.00, 0.00, 0.00, 4.01, 21.61, 
205890, 13.26, 45.99, -32.36, 240.00, 0.00, 0.00, 4.01, 22.58, 
205990, 12.99, 46.08, -32.13, 241.00, 0.00, 0.00, 4.01, 22.26, 
206090, 12.74, 45.78, -32.86, 242.00, 0.00, 0.00, 4.02, 21.61, 
206190, 13.29, 45.67, -32.62, 243.00, 0.00, 0.00, 4.01, 22.26, 
206291, 12.84, 45.20, -32.36, 244.00, 0.00, 0.00, 4.01, 22.58, 
206390, 13.10, 45.55, -31.99, 245.00, 0.00, 0.00, 4.01, 22.26, 
206490, 13.10, 45.61, -31.41, 246.00, 0.00, 0.00, 4.01, 20.97, 
206590, 13.15, 45.42, -32.07, 247.00, 0.00, 0.00, 4.01, 21.29, 
206690, 12.91, 45.26, -32.29, 248.00, 0.00, 0.00, 4.01, 22.58, 
206790, 12.83, 45.27, -31.20, 249.00, 0.00, 0.00, 4.01, 22.90, 
206890, 13.19, 45.81, -31.80, 250.00, 0.00, 0.00, 4.01, 21.61, 
206991, 13.54, 45.78, -32.53, 251.00, 0.00, 0.00, 4.01, 22.26, 
207091, 12.77, 45.48, -32.34, 252.00, 0.00, 0.00, 4.01, 21.94, 
207191, 13.16, 45.86, -31.85, 253.00, 0.00, 0.00, 4.01, 22.58, 
207291, 13.57, 45.72, -31.41, 254.00, 0.00, 0.00, 4.01, 21.61,