105323, -3.95, 56.44, -17.92, 0.00, -255.00, 0.00, 4.00, 21.94, 
105423, 6.88, 37.98, -45.95, 0.00, -254.00, 0.00, 4.00, 21.61, 
105524, 6.60, 37.35, -45.06, 0.00, -253.00, 0.00, 4.00, 21.61, 
105623, 6.48, 37.53, -45.25, 0.00, -252.00, 0.00, 4.00, 21.61, 
105723, 6.80, 37.47, -44.69, 0.00, -251.00, 0.00, 4.00, 21.61, 
105823, 6.29, 38.04, -44.53, 0.00, -250.00, 0.00, 4.00, 22.26, 
105923, 6.89, 37.63, -44.77, 0.00, -249.00, 0.00, 4.00, 21.61, 
106023, 6.28, 37.88, -44.77, 0.00, -248.00, 0.00, 4.00, 21.61, 
106123, 6.57, 37.34, -45.07, 0.00, -247.00, 0.00, 4.00, 22.26, 
106223, 6.66, 38.21, -44.29, 0.00, -246.00, 0.00, 4.00, 21.29, 
106324, 6.29, 38.15, -44.50, 0.00, -245.00, 0.00, 4.00, 21.94, 
106423, 6.58, 38.08, -44.52, 0.00, -244.00, 0.00, 4.00, 21.61, 
106523, 6.44, 37.85, -44.10, 0.00, -243.00, 0.00, 4.00, 21.61, 
106623, 6.80, 38.26, -43.82, 0.00, -242.00, 0.00, 4.00, 21.29, 
106723, 6.61, 38.11, -44.21, 0.00, -241.00, 0.00, 4.00, 21.61, 
106823, 6.10, 38.48, -44.40, 0.00, -240.00, 0.00, 4.00, 21.94, 
106923, 6.25, 38.27, -43.79, 0.00, -239.00, 0.00, 4.01, 21.94, 
107023, 6.13, 38.12, -43.73, 0.00, -238.00, 0.00, 4.01, 21.61, 
107123, 6.67, 37.96, -43.64, 0.00, -237.00, 0.00, 4.01, 21.94, 
107223, 5.75, 37.96, -43.80, 0.00, -236.00, 0.00, 4.01, 21.94, 
107323, 6.34, 38.02, -43.93, 0.00, -235.00, 0.00, 4.01, 21.94, 
107423, 6.38, 38.12, -43.55, 0.00, -234.00, 0.00, 4.01, 21.94, 
107523, 6.23, 38.18, -43.13, 0.00, -233.00, 0.00, 4.01, 21.94, 
107623, 5.94, 38.14, -43.51, 0.00, -232.00, 0.00, 4.01, 21.61, 
107723, 6.09, 38.15, -43.38, 0.00, -231.00, 0.00, 4.01, 21.94, 
107823, 6.42, 38.33, -43.10, 0.00, -230.00, 0.00, 4.01, 21.61, 
107923, 5.96, 38.45, -42.88, 0.00, -229.00, 0.00, 4.01, 21.29, 
108023, 6.01, 38.59, -42.71, 0.00, -228.00, 0.00, 4.01, 21.61, 
108123, 6.79, 38.94, -42.59, 0.00, -227.00, 0.00, 4.01, 21.61, 
108223, 6.25, 38.74, -42.49, 0.00, -226.00, 0.00, 4.01, 21.61, 
108323, 6.19, 38.80, -42.68, 0.00, -225.00, 0.00, 4.01, 21.29, 
108423, 6.16, 38.56, -42.06, 0.00, -224.00, 0.00, 4.01, 21.29, 
108523, 5.69, 38.36, -41.80, 0.00, -223.00, 0.00, 4.01, 21.94, 
108623, 5.77, 38.08, -42.72, 0.00, -222.00, 0.00, 4.01, 21.61, 
108723, 5.91, 38.27, -42.18, 0.00, -221.00, 0.00, 4.01, 21.61, 
108823, 5.52, 38.20, -41.51, 0.00, -220.00, 0.00, 4.01, 21.94, 
108923, 6.15, 37.93, -42.25, 0.00, -219.00, 0.00, 4.01, 21.94, 
109023, 5.65, 38.23, -41.57, 0.00, -218.00, 0.00, 4.01, 21.94, 
109123, 6.18, 39.15, -41.57, 0.00, -217.00, 0.00, 4.01, 21.94, 
109223, 5.78, 38.45, -41.38, 0.00, -216.00, 0.00, 4.01, 21.61, 
109323, 5.53, 37.93, -41.27, 0.00, -215.00, 0.00, 4.01, 21.61, 
109423, 5.72, 38.40, -41.68, 0.00, -214.00, 0.00, 4.01, 21.61, 
109523, 5.53, 38.62, -40.65, 0.00, -213.00, 0.00, 4.01, 21.29, 
109624, 5.82, 38.23, -41.11, 0.00, -212.00, 0.00, 4.01, 21.94, 
109723, 5.21, 37.88, -41.13, 0.00, -211.00, 0.00, 4.01, 21.61, 
109823, 5.62, 37.99, -40.89, 0.00, -210.00, 0.00, 4.02, 21.61, 
109923, 5.90, 38.14, -41.20, 0.00, -209.00, 0.00, 4.01, 21.94, 
110023, 5.72, 38.27, -41.36, 0.00, -208.00, 0.00, 4.02, 21.94, 
110124, 5.82, 38.80, -40.73, 0.00, -207.00, 0.00, 4.02, 21.94, 
110223, 5.20, 38.39, -41.07, 0.00, -206.00, 0.00, 4.02, 21.29, 
110323, 5.90, 38.69, -41.14, 0.00, -205.00, 0.00, 4.02, 21.61, 
110423, 5.52, 37.95, -40.35, 0.00, -204.00, 0.00, 4.02, 21.61, 
110523, 5.62, 37.91, -40.98, 0.00, -203.00, 0.00, 4.02, 21.94, 
110623, 5.65, 39.15, -41.64, 0.00, -202.00, 0.00, 4.02, 21.61, 
110723, 5.30, 38.90, -41.48, 0.00, -201.00, 0.00, 4.02, 21.61, 
110823, 5.31, 38.34, -41.27, 0.00, -200.00, 0.00, 4.02, 21.94, 
110923, 4.76, 39.09, -41.39, 0.00, -199.00, 0.00, 4.02, 21.94, 
111023, 5.24, 38.87, -41.64, 0.00, -198.00, 0.00, 4.02, 21.61, 
111124, 5.49, 39.09, -42.30, 0.00, -197.00, 0.00, 4.02, 21.94, 
111223, 5.53, 39.81, -40.78, 0.00, -196.00, 0.00, 4.02, 21.61, 
111323, 4.80, 39.81, -41.13, 0.00, -195.00, 0.00, 4.02, 21.94, 
111423, 5.17, 39.51, -41.65, 0.00, -194.00, 0.00, 4.02, 21.94, 
111523, 4.85, 39.73, -41.58, 0.00, -193.00, 0.00, 4.02, 21.61, 
111623, 5.20, 39.85, -41.36, 0.00, -192.00, 0.00, 4.02, 21.61, 
111723, 5.17, 39.91, -41.36, 0.00, -191.00, 0.00, 4.02, 21.61, 
111823, 5.40, 40.23, -41.63, 0.00, -190.00, 0.00, 4.02, 21.61, 
111923, 4.73, 39.60, -41.68, 0.00, -189.00, 0.00, 4.02, 21.61, 
112023, 5.11, 40.02, -41.51, 0.00, -188.00, 0.00, 4.02, 21.61, 
112123, 5.20, 40.02, -41.64, 0.00, -187.00, 0.00, 4.02, 22.26, 
112223, 5.20, 40.13, -41.32, 0.00, -186.00, 0.00, 4.02, 21.61, 
112324, 4.99, 40.14, -41.79, 0.00, -185.00, 0.00, 4.02, 21.61, 
112423, 5.63, 40.70, -41.11, 0.00, -184.00, 0.00, 4.02, 21.94, 
112523, 5.01, 40.26, -41.98, 0.00, -183.00, 0.00, 4.02, 22.58, 
112623, 5.30, 40.45, -41.30, 0.00, -182.00, 0.00, 4.02, 21.94, 
112723, 4.93, 40.04, -40.62, 0.00, -181.00, 0.00, 4.02, 21.94, 
112823, 5.25, 40.55, -40.91, 0.00, -180.00, 0.00, 4.02, 21.94, 
112923, 4.89, 40.55, -39.36, 0.00, -179.00, 0.00, 4.02, 21.61, 
113023, 5.33, 39.66, -40.62, 0.00, -178.00, 0.00, 4.02, 21.61, 
113123, 4.99, 40.32, -39.61, 0.00, -177.00, 0.00, 4.02, 21.61, 
113223, 5.25, 40.24, -39.97, 0.00, -176.00, 0.00, 4.02, 21.61, 
113323, 5.68, 40.20, -39.68, 0.00, -175.00, 0.00, 4.02, 21.29, 
113423, 5.23, 40.42, -39.68, 0.00, -174.00, 0.00, 4.02, 21.61, 
113523, 5.88, 41.00, -39.86, 0.00, -173.00, 0.00, 4.02, 22.26, 
113623, 5.72, 40.55, -39.86, 0.00, -172.00, 0.00, 4.03, 21.61, 
113724, 5.23, 40.61, -39.75, 0.00, -171.00, 0.00, 4.03, 21.94, 
113823, 5.50, 40.58, -39.43, 0.00, -170.00, 0.00, 4.02, 21.94, 
113923, 5.77, 40.07, -39.29, 0.00, -169.00, 0.00, 4.02, 21.94, 
114023, 5.87, 40.45, -39.07, 0.00, -168.00, 0.00, 4.03, 21.94, 
114123, 5.34, 39.98, -38.47, 0.00, -167.00, 0.00, 4.03, 21.61, 
114223, 5.78, 40.46, -39.01, 0.00, -166.00, 0.00, 4.03, 21.94, 
114323, 5.37, 40.13, -38.72, 0.00, -165.00, 0.00, 4.03, 21.61, 
114423, 5.25, 38.96, -38.31, 0.00, -164.00, 0.00, 4.03, 21.94, 
114523, 5.50, 40.27, -37.45, 0.00, -163.00, 0.00, 4.03, 22.26, 
114623, 5.34, 39.54, -37.59, 0.00, -162.00, 0.00, 4.03, 21.61, 
114723, 4.36, 39.64, -37.49, 0.00, -161.00, 0.00, 4.03, 21.61, 
114823, 5.18, 39.09, -37.75, 0.00, -160.00, 0.00, 4.03, 22.26, 
114923, 4.11, 39.59, -38.07, 0.00, -159.00, 0.00, 4.03, 21.61, 
115023, 3.97, 39.38, -36.92, 0.00, -158.00, 0.00, 4.03, 21.61, 
115123, 4.25, 39.76, -37.28, 0.00, -157.00, 0.00, 4.03, 21.61, 
115223, 4.85, 39.02, -36.80, 0.00, -156.00, 0.00, 4.03, 21.61, 
115324, 4.60, 39.45, -37.31, 0.00, -155.00, 0.00, 4.03, 21.61, 
115423, 4.19, 40.52, -37.40, 0.00, -154.00, 0.00, 4.03, 21.94, 
115523, 4.03, 39.34, -37.50, 0.00, -153.00, 0.00, 4.03, 21.61, 
115623, 3.84, 40.19, -37.61, 0.00, -152.00, 0.00, 4.03, 21.94, 
115723, 4.54, 39.86, -37.53, 0.00, -151.00, 0.00, 4.03, 21.61, 
115823, 4.11, 40.07, -37.81, 0.00, -150.00, 0.00, 4.03, 21.94, 
115923, 4.39, 40.54, -38.44, 0.00, -149.00, 0.00, 4.03, 21.94, 
116023, 4.00, 40.27, -38.48, 0.00, -148.00, 0.00, 4.03, 21.94, 
116124, 3.37, 41.16, -38.02, 0.00, -147.00, 0.00, 4.03, 21.94, 
116224, 3.66, 41.21, -38.09, 0.00, -146.00, 0.00, 4.03, 21.94, 
116324, 3.65, 41.38, -38.70, 0.00, -145.00, 0.00, 4.03, 21.61, 
116424, 3.59, 41.09, -38.92, 0.00, -144.00, 0.00, 4.03, 21.94, 
116524, 3.34, 40.86, -38.25, 0.00, -143.00, 0.00, 4.03, 21.61, 
116624, 4.11, 41.50, -38.51, 0.00, -142.00, 0.00, 4.03, 21.94, 
116724, 4.14, 41.72, -37.31, 0.00, -141.00, 0.00, 4.03, 21.94, 
116824, 4.09, 41.76, -37.55, 0.00, -140.00, 0.00, 4.03, 21.94, 
116924, 3.87, 41.85, -37.99, 0.00, -139.00, 0.00, 4.03, 22.26, 
117024, 3.88, 42.14, -38.13, 0.00, -138.00, 0.00, 4.03, 21.94, 
117124, 3.87, 42.64, -37.24, 0.00, -137.00, 0.00, 4.03, 22.26, 
117224, 3.97, 42.23, -36.96, 0.00, -136.00, 0.00, 4.03, 21.61, 
117324, 4.32, 42.16, -37.68, 0.00, -135.00, 0.00, 4.03, 21.94, 
117424, 4.64, 42.51, -37.47, 0.00, -134.00, 0.00, 4.03, 21.29, 
117524, 4.03, 42.16, -37.58, 0.00, -133.00, 0.00, 4.03, 21.94, 
117624, 3.95, 42.00, -36.85, 0.00, -132.00, 0.00, 4.03, 21.61, 
117724, 4.63, 41.69, -35.97, 0.00, -131.00, 0.00, 4.03, 22.26, 
117824, 4.48, 41.88, -36.42, 0.00, -130.00, 0.00, 4.03, 21.94, 
117924, 3.75, 41.65, -35.79, 0.00, -129.00, 0.00, 4.04, 21.94, 
118024, 4.06, 42.00, -34.86, 0.00, -128.00, 0.00, 4.03, 21.61, 
118124, 4.64, 41.14, -34.76, 0.00, -127.00, 0.00, 4.04, 21.61, 
118224, 4.30, 41.31, -34.36, 0.00, -126.00, 0.00, 4.03, 22.26, 
118324, 4.39, 41.41, -34.17, 0.00, -125.00, 0.00, 4.04, 21.61, 
118424, 4.67, 40.93, -34.30, 0.00, -124.00, 0.00, 4.04, 21.94, 
118524, 3.98, 41.25, -35.21, 0.00, -123.00, 0.00, 4.04, 22.26, 
118625, 3.98, 41.22, -34.29, 0.00, -122.00, 0.00, 4.04, 21.61, 
118724, 3.78, 40.57, -35.09, 0.00, -121.00, 0.00, 4.04, 21.61, 
118824, 3.98, 41.27, -34.89, 0.00, -120.00, 0.00, 4.04, 21.61, 
118924, 3.41, 40.64, -34.17, 0.00, -119.00, 0.00, 4.04, 21.61, 
119024, 3.05, 40.78, -34.73, 0.00, -118.00, 0.00, 4.04, 21.94, 
119124, 3.46, 40.80, -34.36, 0.00, -117.00, 0.00, 4.04, 21.61, 
119225, 3.22, 41.05, -34.77, 0.00, -116.00, 0.00, 4.04, 21.94, 
119325, 3.46, 40.95, -33.38, 0.00, -115.00, 0.00, 4.04, 21.94, 
119425, 2.89, 41.24, -34.86, 0.00, -114.00, 0.00, 4.04, 21.61, 
119526, 2.89, 41.98, -35.53, 0.00, -113.00, 0.00, 4.04, 21.29, 
119625, 3.05, 41.50, -35.31, 0.00, -112.00, 0.00, 4.04, 21.61, 
119725, 3.14, 41.37, -35.97, 0.00, -111.00, 0.00, 4.04, 21.61, 
119826, 2.55, 41.27, -35.12, 0.00, -110.00, 0.00, 4.04, 21.61, 
119925, 2.99, 41.72, -35.22, 0.00, -109.00, 0.00, 4.04, 21.94, 
120025, 2.77, 42.25, -35.81, 0.00, -108.00, 0.00, 4.04, 21.61, 
120125, 2.62, 42.06, -35.78, 0.00, -107.00, 0.00, 4.04, 21.94, 
120225, 2.58, 42.96, -36.09, 0.00, -106.00, 0.00, 4.04, 21.61, 
120325, 3.03, 42.83, -35.85, 0.00, -105.00, 0.00, 4.04, 21.61, 
120425, 2.86, 43.18, -35.94, 0.00, -104.00, 0.00, 4.04, 22.26, 
120525, 3.11, 43.34, -35.02, 0.00, -103.00, 0.00, 4.04, 21.61, 
120625, 3.28, 43.17, -34.83, 0.00, -102.00, 0.00, 4.04, 21.61, 
120725, 3.66, 43.24, -35.56, 0.00, -101.00, 0.00, 4.04, 21.61, 
120825, 3.38, 43.17, -35.66, 0.00, -100.00, 0.00, 4.04, 21.94, 
120925, 3.38, 43.27, -35.53, 0.00, -99.00, 0.00, 4.04, 21.29, 
121025, 3.40, 42.74, -34.01, 0.00, -98.00, 0.00, 4.04, 21.94, 
121125, 3.63, 43.31, -35.00, 0.00, -97.00, 0.00, 4.04, 21.94, 
121225, 4.01, 42.79, -34.58, 0.00, -96.00, 0.00, 4.04, 21.94, 
121325, 3.82, 43.17, -34.41, 0.00, -95.00, 0.00, 4.04, 21.61, 
121426, 3.53, 42.95, -33.47, 0.00, -94.00, 0.00, 4.04, 21.94, 
121525, 3.47, 42.11, -33.00, 0.00, -93.00, 0.00, 4.04, 21.61, 
121625, 3.63, 42.19, -33.89, 0.00, -92.00, 0.00, 4.04, 21.94, 
121725, 3.68, 42.13, -33.72, 0.00, -91.00, 0.00, 4.04, 21.94, 
121825, 3.68, 42.58, -33.48, 0.00, -90.00, 0.00, 4.04, 21.94, 
121925, 3.24, 42.63, -32.49, 0.00, -89.00, 0.00, 4.04, 21.94, 
122025, 3.57, 42.03, -33.21, 0.00, -88.00, 0.00, 4.04, 21.94, 
122125, 3.69, 41.98, -33.25, 0.00, -87.00, 0.00, 4.04, 21.94, 
122225, 3.47, 42.25, -32.77, 0.00, -86.00, 0.00, 4.04, 21.29, 
122325, 3.65, 42.03, -32.59, 0.00, -85.00, 0.00, 4.04, 21.94, 
122425, 3.08, 41.68, -31.45, 0.00, -84.00, 0.00, 4.04, 21.94, 
122525, 3.27, 42.54, -32.21, 0.00, -83.00, 0.00, 4.04, 21.61, 
122625, 3.53, 42.20, -32.18, 0.00, -82.00, 0.00, 4.04, 21.94, 
122725, 2.86, 41.98, -32.05, 0.00, -81.00, 0.00, 4.04, 21.61, 
122825, 2.90, 42.03, -32.04, 0.00, -80.00, 0.00, 4.04, 21.29, 
122925, 2.52, 42.49, -32.02, 0.00, -79.00, 0.00, 4.04, 21.61, 
123026, 2.23, 42.20, -32.48, 0.00, -78.00, 0.00, 4.04, 21.61, 
123126, 2.02, 42.25, -32.72, 0.00, -77.00, 0.00, 4.04, 21.29, 
123226, 1.81, 42.10, -32.71, 0.00, -76.00, 0.00, 4.04, 21.94, 
123326, 1.85, 42.45, -33.05, 0.00, -75.00, 0.00, 4.04, 21.29, 
123426, 2.17, 42.55, -33.38, 0.00, -74.00, 0.00, 4.04, 21.61, 
123526, 1.78, 42.99, -32.52, 0.00, -73.00, 0.00, 4.04, 22.26, 
123626, 1.29, 42.51, -32.67, 0.00, -72.00, 0.00, 4.04, 21.61, 
123726, 1.86, 43.11, -33.03, 0.00, -71.00, 0.00, 4.04, 21.61, 
123826, 2.39, 43.11, -33.44, 0.00, -70.00, 0.00, 4.04, 22.26, 
123926, 2.43, 42.70, -32.97, 0.00, -69.00, 0.00, 4.04, 21.94, 
124026, 2.17, 43.36, -33.06, 0.00, -68.00, 0.00, 4.04, 21.61, 
124126, 2.13, 42.85, -32.55, 0.00, -67.00, 0.00, 4.04, 21.61, 
124226, 2.29, 43.84, -32.70, 0.00, -66.00, 0.00, 4.04, 21.61, 
124326, 2.70, 43.47, -32.30, 0.00, -65.00, 0.00, 4.04, 21.61, 
124425, 2.00, 43.85, -32.70, 0.00, -64.00, 0.00, 4.04, 22.26, 
124526, 2.64, 44.54, -32.86, 0.00, -63.00, 0.00, 4.04, 21.61, 
124626, 2.01, 43.56, -32.99, 0.00, -62.00, 0.00, 4.04, 21.94, 
124726, 2.80, 44.44, -33.15, 0.00, -61.00, 0.00, 4.04, 21.61, 
124826, 2.59, 44.54, -32.99, 0.00, -60.00, 0.00, 4.04, 21.61, 
124926, 2.04, 44.20, -32.10, 0.00, -59.00, 0.00, 4.04, 21.61, 
125026, 2.36, 44.53, -32.20, 0.00, -58.00, 0.00, 4.04, 21.61, 
125126, 2.17, 44.23, -31.94, 0.00, -57.00, 0.00, 4.04, 21.61, 
125226, 2.43, 45.10, -32.40, 0.00, -56.00, 0.00, 4.04, 21.94, 
125326, 2.49, 43.85, -32.36, 0.00, -55.00, 0.00, 4.04, 21.29, 
125426, 2.38, 44.18, -31.86, 0.00, -54.00, 0.00, 4.05, 21.94, 
125526, 3.06, 44.10, -31.76, 0.00, -53.00, 0.00, 4.04, 22.26, 
125626, 2.52, 44.75, -31.50, 0.00, -52.00, 0.00, 4.04, 21.94, 
125727, 2.45, 44.72, -31.25, 0.00, -51.00, 0.00, 4.04, 21.61, 
125826, 2.20, 44.44, -30.80, 0.00, -50.00, 0.00, 4.04, 22.26, 
125926, 2.52, 44.23, -31.41, 0.00, -49.00, 0.00, 4.04, 21.94, 
126026, 2.59, 44.15, -31.09, 0.00, -48.00, 0.00, 4.05, 21.61, 
126126, 2.27, 44.73, -30.77, 0.00, -47.00, 0.00, 4.05, 21.94, 
126226, 2.52, 44.50, -31.39, 0.00, -46.00, 0.00, 4.04, 21.94, 
126326, 2.43, 43.84, -30.61, 0.00, -45.00, 0.00, 4.04, 21.61, 
126426, 2.92, 44.45, -30.96, 0.00, -44.00, 0.00, 4.05, 22.26, 
126526, 2.43, 44.19, -30.34, 0.00, -43.00, 0.00, 4.05, 21.61, 
126626, 2.23, 44.28, -30.80, 0.00, -42.00, 0.00, 4.05, 21.61, 
126726, 2.57, 44.28, -30.20, 0.00, -41.00, 0.00, 4.05, 22.26, 
126826, 2.39, 44.31, -29.64, 0.00, -40.00, 0.00, 4.05, 21.61, 
126926, 2.33, 44.19, -30.18, 0.00, -39.00, 0.00, 4.05, 21.61, 
127026, 2.00, 44.20, -29.83, 0.00, -38.00, 0.00, 4.05, 21.94, 
127126, 2.45, 43.63, -29.29, 0.00, -37.00, 0.00, 4.05, 21.94, 
127226, 1.89, 44.23, -29.73, 0.00, -36.00, 0.00, 4.05, 21.61, 
127326, 1.73, 43.75, -29.32, 0.00, -35.00, 0.00, 4.05, 22.26, 
127426, 1.85, 44.04, -30.17, 0.00, -34.00, 0.00, 4.05, 21.94, 
127526, 1.56, 43.65, -29.07, 0.00, -33.00, 0.00, 4.05, 21.29, 
127625, 1.75, 44.07, -29.74, 0.00, -32.00, 0.00, 4.05, 21.61, 
127726, 1.73, 43.87, -29.51, 0.00, -31.00, 0.00, 4.05, 21.94, 
127826, 1.25, 44.44, -29.64, 0.00, -30.00, 0.00, 4.05, 21.61, 
127926, 1.88, 44.50, -28.87, 0.00, -29.00, 0.00, 4.05, 21.29, 
128026, 2.01, 44.37, -29.64, 0.00, -28.00, 0.00, 4.05, 21.94, 
128127, 1.47, 44.70, -29.22, 0.00, -27.00, 0.00, 4.05, 21.61, 
128226, 1.73, 44.13, -29.66, 0.00, -26.00, 0.00, 4.05, 21.94, 
128326, 1.57, 44.53, -29.07, 0.00, -25.00, 0.00, 4.05, 21.61, 
128426, 1.51, 44.12, -29.14, 0.00, -24.00, 0.00, 4.05, 21.61, 
128526, 1.82, 44.57, -29.33, 0.00, -23.00, 0.00, 4.05, 21.94, 
128626, 1.67, 44.37, -28.78, 0.00, -22.00, 0.00, 4.05, 21.94, 
128726, 1.59, 44.69, -29.17, 0.00, -21.00, 0.00, 4.05, 21.94, 
128826, 1.57, 44.58, -29.38, 0.00, -20.00, 0.00, 4.05, 21.94, 
128926, 1.44, 44.61, -28.41, 0.00, -19.00, 0.00, 4.05, 21.61, 
129026, 1.06, 44.61, -28.85, 0.00, -18.00, 0.00, 4.05, 21.94, 
129126, 1.48, 45.01, -28.95, 0.00, -17.00, 0.00, 4.05, 21.61, 
129226, 1.35, 44.98, -28.92, 0.00, -16.00, 0.00, 4.05, 21.61, 
129326, 1.35, 45.26, -28.92, 0.00, -15.00, 0.00, 4.05, 21.61, 
129426, 1.24, 45.40, -28.66, 0.00, -14.00, 0.00, 4.05, 21.61, 
129526, 1.35, 45.10, -28.91, 0.00, -13.00, 0.00, 4.05, 21.61, 
129626, 1.28, 45.39, -27.97, 0.00, -12.00, 0.00, 4.05, 21.94, 
129726, 1.70, 45.48, -27.99, 0.00, -11.00, 0.00, 4.05, 21.94, 
129826, 0.94, 45.24, -28.44, 0.00, -10.00, 0.00, 4.05, 21.61, 
129926, 1.10, 45.14, -28.16, 0.00, -9.00, 0.00, 4.05, 21.61, 
130026, 1.82, 45.36, -28.02, 0.00, -8.00, 0.00, 4.05, 21.94, 
130126, 1.53, 45.78, -27.73, 0.00, -7.00, 0.00, 4.05, 21.61, 
130226, 1.76, 45.71, -27.92, 0.00, -6.00, 0.00, 4.05, 21.94, 
130326, 1.29, 45.83, -28.03, 0.00, -5.00, 0.00, 4.05, 21.61, 
130426, 1.59, 45.86, -27.56, 0.00, -4.00, 0.00, 4.05, 21.61, 
130526, 1.48, 45.68, -28.15, 0.00, -3.00, 0.00, 4.05, 21.94, 
130625, 1.26, 45.26, -27.27, 0.00, -2.00, 0.00, 4.05, 21.94, 
130725, 1.54, 45.58, -27.97, 0.00, -1.00, 0.00, 4.05, 21.61, 
130825, 0.78, 45.33, -27.86, 0.00, 0.00, 0.00, 4.05, 22.26, 
130925, 1.32, 45.71, -27.52, 0.00, 1.00, 0.00, 4.05, 21.94, 
131026, 1.35, 45.87, -27.68, 0.00, 2.00, 0.00, 4.05, 21.61, 
131126, 1.10, 45.75, -27.40, 0.00, 3.00, 0.00, 4.05, 21.29, 
131225, 0.77, 45.67, -27.40, 0.00, 4.00, 0.00, 4.05, 22.26, 
131326, 1.31, 45.64, -26.78, 0.00, 5.00, 0.00, 4.05, 21.61, 
131426, 0.78, 46.12, -27.78, 0.00, 6.00, 0.00, 4.05, 21.61, 
131526, 1.24, 45.99, -28.25, 0.00, 7.00, 0.00, 4.05, 21.94, 
131625, 1.03, 45.48, -27.51, 0.00, 8.00, 0.00, 4.05, 21.94, 
131726, 1.28, 45.78, -27.08, 0.00, 9.00, 0.00, 4.05, 21.94, 
131826, 1.12, 46.08, -27.35, 0.00, 10.00, 0.00, 4.05, 21.61, 
131926, 1.21, 46.15, -27.49, 0.00, 11.00, 0.00, 4.05, 21.61, 
132026, 1.29, 45.74, -27.17, 0.00, 12.00, 0.00, 4.05, 21.94, 
132126, 0.91, 46.15, -27.30, 0.00, 13.00, 0.00, 4.05, 21.94, 
132226, 1.38, 46.41, -27.07, 0.00, 14.00, 0.00, 4.05, 21.61, 
132326, 1.44, 46.10, -27.16, 0.00, 15.00, 0.00, 4.05, 21.94, 
132426, 1.16, 46.50, -26.44, 0.00, 16.00, 0.00, 4.05, 21.61, 
132526, 1.40, 47.03, -26.64, 0.00, 17.00, 0.00, 4.05, 21.29, 
132626, 0.96, 46.60, -26.72, 0.00, 18.00, 0.00, 4.05, 21.94, 
132726, 1.54, 47.32, -26.72, 0.00, 19.00, 0.00, 4.05, 22.26, 
132826, 1.70, 46.38, -26.51, 0.00, 20.00, 0.00, 4.05, 21.94, 
132926, 1.37, 46.31, -26.75, 0.00, 21.00, 0.00, 4.05, 21.61, 
133026, 0.69, 46.31, -26.66, 0.00, 22.00, 0.00, 4.05, 21.61, 
133126, 0.91, 46.18, -26.42, 0.00, 23.00, 0.00, 4.05, 21.29, 
133226, 0.83, 46.48, -26.03, 0.00, 24.00, 0.00, 4.05, 21.61, 
133326, 1.29, 46.67, -26.75, 0.00, 25.00, 0.00, 4.05, 21.94, 
133426, 0.93, 46.67, -26.64, 0.00, 26.00, 0.00, 4.05, 21.94, 
133526, 0.88, 46.86, -25.74, 0.00, 27.00, 0.00, 4.05, 22.26, 
133626, 0.59, 46.46, -25.59, 0.00, 28.00, 0.00, 4.05, 22.26, 
133726, 0.31, 46.60, -25.84, 0.00, 29.00, 0.00, 4.05, 21.94, 
133826, 0.84, 46.75, -26.10, 0.00, 30.00, 0.00, 4.05, 21.94, 
133926, 0.88, 47.08, -25.23, 0.00, 31.00, 0.00, 4.05, 21.94, 
134026, 0.48, 47.20, -25.75, 0.00, 32.00, 0.00, 4.05, 22.26, 
134126, 0.42, 47.62, -25.84, 0.00, 33.00, 0.00, 4.05, 21.61, 
134226, 0.42, 47.08, -25.97, 0.00, 34.00, 0.00, 4.05, 21.61, 
134326, 0.27, 47.17, -25.97, 0.00, 35.00, 0.00, 4.05, 21.61, 
134426, 0.29, 47.43, -25.45, 0.00, 36.00, 0.00, 4.05, 21.61, 
134526, 0.56, 47.65, -25.74, 0.00, 37.00, 0.00, 4.05, 21.61, 
134626, 0.62, 47.39, -26.42, 0.00, 38.00, 0.00, 4.05, 22.26, 
134726, 0.17, 47.46, -25.31, 0.00, 39.00, 0.00, 4.05, 21.94, 
134826, 0.20, 47.51, -25.74, 0.00, 40.00, 0.00, 4.05, 21.94, 
134926, 0.58, 47.80, -25.94, 0.00, 41.00, 0.00, 4.05, 21.29, 
135026, 0.30, 48.27, -26.69, 0.00, 42.00, 0.00, 4.05, 21.94, 
135126, -0.17, 47.70, -26.15, 0.00, 43.00, 0.00, 4.05, 21.61, 
135226, 0.31, 47.62, -26.35, 0.00, 44.00, 0.00, 4.05, 21.61, 
135326, 0.26, 48.36, -25.77, 0.00, 45.00, 0.00, 4.05, 21.61, 
135426, -0.02, 48.47, -25.69, 0.00, 46.00, 0.00, 4.05, 21.29, 
135526, 0.26, 47.92, -25.17, 0.00, 47.00, 0.00, 4.05, 21.61, 
135626, 0.40, 48.41, -24.89, 0.00, 48.00, 0.00, 4.05, 21.29, 
135726, 0.36, 48.37, -25.23, 0.00, 49.00, 0.00, 4.05, 21.94, 
135826, 0.80, 48.46, -25.58, 0.00, 50.00, 0.00, 4.04, 21.94, 
135926, 0.72, 48.44, -25.37, 0.00, 51.00, 0.00, 4.05, 21.61, 
136026, 0.68, 48.14, -25.15, 0.00, 52.00, 0.00, 4.04, 21.94, 
136126, 0.42, 47.43, -24.44, 0.00, 53.00, 0.00, 4.04, 22.26, 
136226, 0.45, 48.09, -24.29, 0.00, 54.00, 0.00, 4.04, 21.29, 
136326, 0.30, 47.93, -24.60, 0.00, 55.00, 0.00, 4.04, 21.61, 
136426, 0.69, 48.18, -24.57, 0.00, 56.00, 0.00, 4.04, 21.61, 
136526, 0.52, 47.86, -24.22, 0.00, 57.00, 0.00, 4.04, 21.94, 
136626, -0.07, 46.82, -24.26, 0.00, 58.00, 0.00, 4.05, 21.61, 
136726, -0.12, 47.84, -24.26, 0.00, 59.00, 0.00, 4.04, 21.61, 
136826, -0.21, 47.19, -23.82, 0.00, 60.00, 0.00, 4.04, 22.26, 
136926, 0.37, 47.48, -24.77, 0.00, 61.00, 0.00, 4.04, 22.26, 
137026, -0.01, 46.82, -23.59, 0.00, 62.00, 0.00, 4.04, 22.26, 
137126, -0.43, 47.39, -23.71, 0.00, 63.00, 0.00, 4.04, 21.94, 
137225, -0.33, 47.03, -23.69, 0.00, 64.00, 0.00, 4.04, 21.61, 
137326, -0.30, 46.69, -23.71, 0.00, 65.00, 0.00, 4.04, 21.94, 
137426, -0.02, 47.65, -24.06, 0.00, 66.00, 0.00, 4.04, 21.61, 
137526, -0.45, 47.16, -23.88, 0.00, 67.00, 0.00, 4.04, 21.61, 
137626, -0.62, 47.48, -23.14, 0.00, 68.00, 0.00, 4.04, 22.26, 
137726, -0.80, 47.93, -23.24, 0.00, 69.00, 0.00, 4.04, 21.61, 
137826, -0.81, 47.87, -23.33, 0.00, 70.00, 0.00, 4.04, 22.26, 
137926, -0.37, 47.58, -22.70, 0.00, 71.00, 0.00, 4.04, 21.61, 
138026, 0.05, 48.72, -23.03, 0.00, 72.00, 0.00, 4.04, 21.61, 
138126, -0.58, 49.01, -23.44, 0.00, 73.00, 0.00, 4.04, 21.94, 
138226, -0.55, 48.36, -22.43, 0.00, 74.00, 0.00, 4.04, 21.61, 
138326, -0.50, 48.30, -23.78, 0.00, 75.00, 0.00, 4.04, 21.61, 
138426, -0.48, 47.93, -22.87, 0.00, 76.00, 0.00, 4.04, 21.61, 
138526, -0.45, 49.13, -24.03, 0.00, 77.00, 0.00, 4.04, 21.61, 
138626, -0.72, 49.51, -24.33, 0.00, 78.00, 0.00, 4.04, 21.94, 
138726, -0.62, 48.43, -23.08, 0.00, 79.00, 0.00, 4.04, 21.61, 
138826, -1.03, 49.47, -24.20, 0.00, 80.00, 0.00, 4.04, 21.61, 
138926, -1.12, 48.85, -23.65, 0.00, 81.00, 0.00, 4.04, 21.29, 
139026, -0.74, 49.57, -24.36, 0.00, 82.00, 0.00, 4.04, 21.94, 
139126, -1.05, 49.60, -24.14, 0.00, 83.00, 0.00, 4.04, 21.94, 
139226, -1.37, 49.32, -23.14, 0.00, 84.00, 0.00, 4.04, 21.94, 
139326, -0.31, 50.02, -24.13, 0.00, 85.00, 0.00, 4.04, 21.61, 
139426, -0.94, 49.51, -24.19, 0.00, 86.00, 0.00, 4.04, 21.61, 
139526, -0.71, 50.04, -24.64, 0.00, 87.00, 0.00, 4.04, 21.61, 
139626, -1.25, 50.20, -23.27, 0.00, 88.00, 0.00, 4.04, 22.26, 
139726, -0.74, 50.40, -24.29, 0.00, 89.00, 0.00, 4.04, 21.94, 
139826, -0.42, 50.42, -24.13, 0.00, 90.00, 0.00, 4.04, 21.61, 
139926, -0.99, 50.40, -23.22, 0.00, 91.00, 0.00, 4.04, 21.94, 
140026, -0.80, 51.18, -24.60, 0.00, 92.00, 0.00, 4.04, 21.61, 
140126, -0.99, 50.56, -24.10, 0.00, 93.00, 0.00, 4.04, 21.61, 
140226, -0.93, 50.91, -24.73, 0.00, 94.00, 0.00, 4.04, 21.61, 
140326, -1.02, 50.78, -24.12, 0.00, 95.00, 0.00, 4.04, 21.61, 
140425, -1.78, 50.65, -23.97, 0.00, 96.00, 0.00, 4.04, 21.61, 
140526, -1.45, 50.52, -24.26, 0.00, 97.00, 0.00, 4.04, 22.26, 
140626, -1.05, 50.93, -24.26, 0.00, 98.00, 0.00, 4.04, 21.94, 
140726, -1.18, 50.17, -23.38, 0.00, 99.00, 0.00, 4.04, 21.61, 
140826, -1.10, 51.06, -24.32, 0.00, 100.00, 0.00, 4.04, 21.61, 
140926, -0.50, 50.88, -23.34, 0.00, 101.00, 0.00, 4.04, 21.61, 
141026, -1.13, 50.65, -24.01, 0.00, 102.00, 0.00, 4.04, 21.94, 
141126, -0.46, 51.29, -24.38, 0.00, 103.00, 0.00, 4.04, 21.94, 
141226, -0.65, 51.38, -23.65, 0.00, 104.00, 0.00, 4.04, 21.94, 
141326, -0.65, 50.80, -23.12, 0.00, 105.00, 0.00, 4.04, 21.94, 
141426, -0.31, 50.59, -23.34, 0.00, 106.00, 0.00, 4.04, 21.94, 
141526, -0.33, 51.06, -23.21, 0.00, 107.00, 0.00, 4.04, 21.29, 
141626, -0.46, 50.74, -23.02, 0.00, 108.00, 0.00, 4.04, 21.61, 
141726, -0.50, 51.32, -23.30, 0.00, 109.00, 0.00, 4.04, 21.94, 
141826, -0.39, 50.08, -22.36, 0.00, 110.00, 0.00, 4.04, 21.61, 
141926, -0.45, 50.29, -21.50, 0.00, 111.00, 0.00, 4.04, 21.61, 
142026, -0.50, 50.69, -22.65, 0.00, 112.00, 0.00, 4.04, 21.61, 
142126, -0.26, 50.37, -22.58, 0.00, 113.00, 0.00, 4.04, 21.94, 
142226, -0.61, 50.42, -22.48, 0.00, 114.00, 0.00, 4.04, 21.61, 
142326, -0.61, 50.12, -22.71, 0.00, 115.00, 0.00, 4.04, 21.29, 
142426, -1.16, 49.74, -22.33, 0.00, 116.00, 0.00, 4.04, 21.61, 
142526, -0.08, 50.10, -22.27, 0.00, 117.00, 0.00, 4.04, 21.94, 
142626, -0.86, 49.41, -22.39, 0.00, 118.00, 0.00, 4.04, 21.94, 
142726, -0.90, 49.95, -21.34, 0.00, 119.00, 0.00, 4.04, 21.61, 
142826, -0.80, 50.26, -21.27, 0.00, 120.00, 0.00, 4.04, 21.94, 
142926, -0.93, 49.83, -22.22, 0.00, 121.00, 0.00, 4.04, 21.29, 
143026, -0.91, 49.48, -22.30, 0.00, 122.00, 0.00, 4.04, 21.61, 
143126, -1.57, 49.85, -21.94, 0.00, 123.00, 0.00, 4.04, 21.61, 
143226, -1.05, 49.45, -21.98, 0.00, 124.00, 0.00, 4.04, 21.61, 
143326, -1.34, 50.11, -21.85, 0.00, 125.00, 0.00, 4.04, 22.26, 
143426, -0.88, 50.23, -21.81, 0.00, 126.00, 0.00, 4.04, 21.61, 
143526, -2.14, 49.64, -22.77, 0.00, 127.00, 0.00, 4.04, 21.94, 
143625, -1.92, 50.56, -22.73, 0.00, 128.00, 0.00, 4.04, 21.61, 
143726, -1.31, 50.11, -21.79, 0.00, 129.00, 0.00, 4.04, 21.61, 
143826, -1.64, 50.49, -21.78, 0.00, 130.00, 0.00, 4.04, 21.61, 
143926, -2.00, 50.62, -22.01, 0.00, 131.00, 0.00, 4.04, 22.26, 
144026, -1.97, 50.83, -21.18, 0.00, 132.00, 0.00, 4.04, 21.94, 
144126, -2.27, 51.34, -22.19, 0.00, 133.00, 0.00, 4.04, 21.94, 
144227, -1.70, 50.80, -22.05, 0.00, 134.00, 0.00, 4.04, 21.94, 
144326, -2.20, 51.54, -21.84, 0.00, 135.00, 0.00, 4.03, 21.94, 
144426, -2.20, 52.24, -22.01, 0.00, 136.00, 0.00, 4.04, 21.94, 
144526, -2.59, 52.14, -21.82, 0.00, 137.00, 0.00, 4.03, 21.94, 
144626, -1.94, 52.17, -22.38, 0.00, 138.00, 0.00, 4.03, 21.61, 
144726, -2.36, 51.94, -22.27, 0.00, 139.00, 0.00, 4.03, 21.61, 
144826, -2.08, 52.29, -22.29, 0.00, 140.00, 0.00, 4.03, 21.61, 
144926, -1.89, 52.29, -22.95, 0.00, 141.00, 0.00, 4.03, 21.61, 
145026, -2.52, 52.51, -21.37, 0.00, 142.00, 0.00, 4.03, 22.26, 
145126, -2.00, 53.24, -22.46, 0.00, 143.00, 0.00, 4.03, 21.94, 
145226, -2.54, 52.86, -22.04, 0.00, 144.00, 0.00, 4.03, 21.94, 
145326, -2.23, 52.71, -21.67, 0.00, 145.00, 0.00, 4.03, 21.61, 
145426, -1.64, 52.71, -22.55, 0.00, 146.00, 0.00, 4.03, 21.94, 
145526, -2.26, 53.21, -21.91, 0.00, 147.00, 0.00, 4.03, 21.61, 
145626, -1.60, 52.87, -22.22, 0.00, 148.00, 0.00, 4.03, 21.61, 
145726, -2.35, 53.34, -21.69, 0.00, 149.00, 0.00, 4.03, 21.94, 
145826, -2.07, 52.55, -21.86, 0.00, 150.00, 0.00, 4.03, 21.61, 
145926, -1.70, 52.39, -21.72, 0.00, 151.00, 0.00, 4.03, 21.61, 
146026, -1.63, 53.12, -21.97, 0.00, 152.00, 0.00, 4.03, 21.94, 
146126, -1.82, 52.01, -21.79, 0.00, 153.00, 0.00, 4.03, 21.94, 
146226, -1.79, 52.51, -21.31, 0.00, 154.00, 0.00, 4.03, 21.61, 
146326, -1.69, 52.11, -21.24, 0.00, 155.00, 0.00, 4.03, 21.61, 
146426, -1.86, 51.73, -20.81, 0.00, 156.00, 0.00, 4.03, 21.61, 
146526, -2.05, 51.57, -21.50, 0.00, 157.00, 0.00, 4.03, 22.26, 
146626, -1.66, 51.60, -21.25, 0.00, 158.00, 0.00, 4.03, 21.61, 
146726, -1.64, 51.70, -20.58, 0.00, 159.00, 0.00, 4.03, 22.26, 
146826, -1.91, 51.60, -20.04, 0.00, 160.00, 0.00, 4.03, 21.61, 
146926, -2.38, 51.21, -20.74, 0.00, 161.00, 0.00, 4.03, 21.61, 
147026, -2.10, 51.34, -19.69, 0.00, 162.00, 0.00, 4.03, 21.61, 
147126, -2.48, 51.69, -20.93, 0.00, 163.00, 0.00, 4.03, 21.94, 
147226, -1.86, 51.81, -20.02, 0.00, 164.00, 0.00, 4.03, 21.94, 
147326, -3.09, 51.95, -20.14, 0.00, 165.00, 0.00, 4.03, 21.61, 
147426, -2.40, 51.67, -20.74, 0.00, 166.00, 0.00, 4.03, 21.61, 
147526, -2.42, 51.44, -19.83, 0.00, 167.00, 0.00, 4.03, 21.94, 
147626, -2.99, 51.26, -20.84, 0.00, 168.00, 0.00, 4.03, 21.61, 
147726, -3.19, 51.22, -20.10, 0.00, 169.00, 0.00, 4.03, 21.61, 
147826, -3.00, 52.68, -20.51, 0.00, 170.00, 0.00, 4.03, 21.94, 
147926, -2.97, 52.95, -20.48, 0.00, 171.00, 0.00, 4.03, 21.94, 
148026, -3.53, 51.83, -20.91, 0.00, 172.00, 0.00, 4.03, 21.94, 
148126, -3.57, 52.33, -21.08, 0.00, 173.00, 0.00, 4.03, 21.61, 
148226, -3.05, 52.20, -20.61, 0.00, 174.00, 0.00, 4.03, 21.94, 
148326, -3.65, 52.35, -20.55, 0.00, 175.00, 0.00, 4.03, 21.94, 
148426, -3.18, 52.96, -20.32, 0.00, 176.00, 0.00, 4.03, 21.94, 
148526, -3.81, 52.55, -20.80, 0.00, 177.00, 0.00, 4.03, 21.61, 
148626, -3.15, 53.18, -21.00, 0.00, 178.00, 0.00, 4.03, 21.61, 
148726, -3.47, 53.11, -21.15, 0.00, 179.00, 0.00, 4.02, 21.61, 
148826, -3.47, 52.97, -20.89, 0.00, 180.00, 0.00, 4.02, 21.61, 
148926, -2.95, 54.26, -21.28, 0.00, 181.00, 0.00, 4.02, 21.61, 
149026, -3.52, 53.53, -20.89, 0.00, 182.00, 0.00, 4.02, 21.29, 
149126, -3.06, 54.80, -20.04, 0.00, 183.00, 0.00, 4.02, 21.61, 
149226, -3.05, 54.10, -21.18, 0.00, 184.00, 0.00, 4.02, 21.94, 
149326, -2.73, 54.25, -21.15, 0.00, 185.00, 0.00, 4.02, 21.61, 
149426, -2.78, 53.85, -20.24, 0.00, 186.00, 0.00, 4.02, 21.61, 
149526, -2.84, 54.55, -20.86, 0.00, 187.00, 0.00, 4.02, 21.61, 
149626, -2.81, 54.11, -20.48, 0.00, 188.00, 0.00, 4.02, 21.61, 
149726, -3.05, 54.64, -20.68, 0.00, 189.00, 0.00, 4.02, 21.94, 
149826, -2.96, 53.84, -20.97, 0.00, 190.00, 0.00, 4.02, 21.29, 
149927, -2.64, 53.34, -21.03, 0.00, 191.00, 0.00, 4.02, 21.61, 
150026, -2.49, 53.95, -21.15, 0.00, 192.00, 0.00, 4.02, 21.94, 
150126, -2.90, 53.53, -20.32, 0.00, 193.00, 0.00, 4.02, 21.61, 
150226, -3.21, 53.72, -20.58, 0.00, 194.00, 0.00, 4.02, 21.61, 
150326, -3.12, 53.63, -20.07, 0.00, 195.00, 0.00, 4.02, 21.61, 
150426, -2.46, 53.92, -20.32, 0.00, 196.00, 0.00, 4.02, 21.61, 
150526, -2.81, 53.62, -20.34, 0.00, 197.00, 0.00, 4.02, 21.94, 
150626, -2.90, 53.79, -19.15, 0.00, 198.00, 0.00, 4.02, 21.94, 
150726, -2.70, 54.39, -19.76, 0.00, 199.00, 0.00, 4.02, 21.61, 
150826, -3.00, 54.06, -19.64, 0.00, 200.00, 0.00, 4.02, 21.61, 
150926, -3.33, 53.71, -19.96, 0.00, 201.00, 0.00, 4.02, 21.94, 
151026, -2.92, 53.92, -19.80, 0.00, 202.00, 0.00, 4.02, 21.94, 
151126, -3.12, 53.97, -20.26, 0.00, 203.00, 0.00, 4.02, 21.94, 
151226, -3.15, 53.94, -19.85, 0.00, 204.00, 0.00, 4.02, 21.61, 
151326, -3.00, 53.71, -20.18, 0.00, 205.00, 0.00, 4.02, 21.94, 
151426, -3.30, 53.87, -19.58, 0.00, 206.00, 0.00, 4.02, 21.29, 
151526, -3.06, 54.09, -19.57, 0.00, 207.00, 0.00, 4.02, 21.94, 
151626, -3.46, 53.85, -20.02, 0.00, 208.00, 0.00, 4.02, 21.61, 
151726, -3.60, 53.98, -18.94, 0.00, 209.00, 0.00, 4.02, 22.26, 
151826, -3.22, 54.51, -20.01, 0.00, 210.00, 0.00, 4.02, 21.61, 
151926, -3.38, 54.17, -20.04, 0.00, 211.00, 0.00, 4.02, 21.61, 
152026, -2.95, 53.65, -19.91, 0.00, 212.00, 0.00, 4.02, 21.94, 
152126, -3.43, 53.87, -19.96, 0.00, 213.00, 0.00, 4.02, 21.94, 
152226, -3.19, 54.26, -20.01, 0.00, 214.00, 0.00, 4.02, 21.61, 
152326, -3.30, 54.19, -19.83, 0.00, 215.00, 0.00, 4.01, 21.61, 
152426, -3.66, 54.36, -19.48, 0.00, 216.00, 0.00, 4.01, 21.61, 
152526, -3.43, 54.22, -19.82, 0.00, 217.00, 0.00, 4.01, 21.29, 
152626, -3.56, 53.94, -19.69, 0.00, 218.00, 0.00, 4.02, 21.61, 
152726, -4.06, 54.45, -20.08, 0.00, 219.00, 0.00, 4.01, 21.61, 
152826, -3.56, 54.48, -19.06, 0.00, 220.00, 0.00, 4.01, 21.94, 
152926, -3.97, 54.73, -19.69, 0.00, 221.00, 0.00, 4.01, 21.61, 
153026, -4.09, 54.23, -18.91, 0.00, 222.00, 0.00, 4.01, 21.94, 
153126, -3.92, 54.83, -19.85, 0.00, 223.00, 0.00, 4.01, 21.61, 
153226, -3.94, 54.92, -19.56, 0.00, 224.00, 0.00, 4.01, 21.61, 
153326, -4.22, 54.98, -19.07, 0.00, 225.00, 0.00, 4.01, 21.94, 
153426, -3.92, 55.55, -18.99, 0.00, 226.00, 0.00, 4.01, 21.94, 
153526, -3.68, 56.15, -19.39, 0.00, 227.00, 0.00, 4.01, 21.61, 
153626, -3.85, 55.80, -19.99, 0.00, 228.00, 0.00, 4.01, 21.61, 
153726, -3.79, 55.69, -18.90, 0.00, 229.00, 0.00, 4.01, 21.61, 
153826, -4.22, 56.44, -20.02, 0.00, 230.00, 0.00, 4.01, 21.94, 
153926, -3.78, 55.94, -19.91, 0.00, 231.00, 0.00, 4.01, 21.94, 
154026, -3.73, 55.90, -20.17, 0.00, 232.00, 0.00, 4.01, 21.94, 
154126, -3.87, 55.56, -19.38, 0.00, 233.00, 0.00, 4.01, 21.61, 
154226, -3.31, 55.25, -19.28, 0.00, 234.00, 0.00, 4.01, 21.61, 
154326, -3.92, 55.28, -19.64, 0.00, 235.00, 0.00, 4.01, 21.61, 
154426, -3.90, 55.84, -19.77, 0.00, 236.00, 0.00, 4.01, 21.29, 
154526, -3.98, 55.33, -19.58, 0.00, 237.00, 0.00, 4.01, 21.61, 
154626, -4.26, 55.01, -19.20, 0.00, 238.00, 0.00, 4.01, 21.61, 
154726, -3.91, 55.37, -19.25, 0.00, 239.00, 0.00, 4.01, 21.29, 
154826, -3.75, 55.42, -18.59, 0.00, 240.00, 0.00, 4.01, 21.61, 
154926, -3.56, 54.93, -18.42, 0.00, 241.00, 0.00, 4.01, 21.61, 
155026, -4.17, 55.31, -18.37, 0.00, 242.00, 0.00, 4.01, 21.61, 
155126, -4.04, 55.36, -18.39, 0.00, 243.00, 0.00, 4.01, 21.94, 
155226, -4.03, 55.23, -18.12, 0.00, 244.00, 0.00, 4.01, 21.29, 
155326, -4.13, 55.47, -17.89, 0.00, 245.00, 0.00, 4.01, 21.94, 
155426, -3.92, 55.68, -17.90, 0.00, 246.00, 0.00, 4.01, 21.61, 
155526, -3.87, 55.69, -17.92, 0.00, 247.00, 0.00, 4.01, 21.61, 
155626, -3.92, 55.28, -18.17, 0.00, 248.00, 0.00, 4.00, 21.94, 
155726, -4.22, 55.75, -17.73, 0.00, 249.00, 0.00, 4.00, 21.61, 
155826, -3.90, 56.07, -18.34, 0.00, 250.00, 0.00, 4.00, 21.94, 
155926, -4.33, 56.07, -17.96, 0.00, 251.00, 0.00, 4.00, 21.94, 
156026, -4.76, 56.20, -18.31, 0.00, 252.00, 0.00, 4.00, 21.61, 
156126, -4.70, 56.42, -17.41, 0.00, 253.00, 0.00, 4.00, 21.94, 
156226, -4.86, 56.39, -17.58, 0.00, 254.00, 0.00, 4.00, 21.61, 
