54315, 10.19, 49.92, -27.56, 0.00, 0.00, -255.00, 4.00, 21.29, 
54415, -8.06, 44.09, -33.63, 0.00, 0.00, -254.00, 4.00, 21.94, 
54515, -8.25, 44.20, -33.79, 0.00, 0.00, -253.00, 4.00, 20.97, 
54615, -8.10, 43.81, -33.40, 0.00, 0.00, -252.00, 4.00, 21.61, 
54715, -8.25, 43.97, -32.93, 0.00, 0.00, -251.00, 4.00, 21.61, 
54815, -8.27, 43.91, -33.78, 0.00, 0.00, -250.00, 4.00, 21.94, 
54915, -7.84, 44.42, -33.25, 0.00, 0.00, -249.00, 4.00, 20.97, 
55015, -7.83, 44.25, -33.59, 0.00, 0.00, -248.00, 4.00, 21.61, 
55115, -7.89, 44.26, -33.67, 0.00, 0.00, -247.00, 4.00, 21.61, 
55215, -7.81, 44.42, -33.18, 0.00, 0.00, -246.00, 4.00, 21.61, 
55315, -8.37, 44.47, -33.53, 0.00, 0.00, -245.00, 4.00, 21.29, 
55415, -7.17, 44.26, -33.65, 0.00, 0.00, -244.00, 4.00, 21.29, 
55515, -7.87, 44.50, -32.99, 0.00, 0.00, -243.00, 4.00, 21.29, 
55615, -8.05, 44.09, -33.57, 0.00, 0.00, -242.00, 4.00, 21.61, 
55715, -7.62, 44.39, -33.09, 0.00, 0.00, -241.00, 4.00, 21.61, 
55815, -8.00, 43.90, -33.28, 0.00, 0.00, -240.00, 4.01, 21.61, 
55915, -7.32, 44.35, -33.15, 0.00, 0.00, -239.00, 4.01, 21.61, 
56015, -7.46, 43.97, -32.91, 0.00, 0.00, -238.00, 4.01, 21.29, 
56115, -7.71, 43.85, -33.50, 0.00, 0.00, -237.00, 4.01, 21.29, 
56215, -7.55, 44.04, -32.99, 0.00, 0.00, -236.00, 4.01, 21.61, 
56315, -7.40, 43.97, -32.97, 0.00, 0.00, -235.00, 4.01, 21.29, 
56415, -7.37, 43.88, -33.29, 0.00, 0.00, -234.00, 4.01, 21.61, 
56516, -7.62, 44.07, -32.11, 0.00, 0.00, -233.00, 4.01, 21.29, 
56615, -7.64, 44.06, -33.25, 0.00, 0.00, -232.00, 4.01, 21.29, 
56715, -7.29, 44.13, -33.25, 0.00, 0.00, -231.00, 4.01, 21.29, 
56815, -7.21, 44.09, -33.05, 0.00, 0.00, -230.00, 4.01, 21.61, 
56915, -7.42, 44.34, -32.90, 0.00, 0.00, -229.00, 4.01, 21.29, 
57015, -7.29, 44.07, -32.30, 0.00, 0.00, -228.00, 4.01, 21.61, 
57115, -7.72, 43.96, -32.37, 0.00, 0.00, -227.00, 4.01, 21.29, 
57215, -7.34, 43.80, -32.13, 0.00, 0.00, -226.00, 4.01, 21.61, 
57315, -7.10, 43.93, -32.17, 0.00, 0.00, -225.00, 4.01, 21.29, 
57415, -7.64, 44.18, -31.92, 0.00, 0.00, -224.00, 4.01, 21.61, 
57515, -7.55, 44.23, -31.23, 0.00, 0.00, -223.00, 4.01, 21.29, 
57615, -7.64, 44.25, -32.02, 0.00, 0.00, -222.00, 4.01, 21.61, 
57715, -7.45, 44.64, -32.27, 0.00, 0.00, -221.00, 4.01, 21.94, 
57815, -8.00, 44.29, -31.95, 0.00, 0.00, -220.00, 4.01, 21.61, 
57915, -8.03, 44.07, -32.21, 0.00, 0.00, -219.00, 4.01, 21.61, 
58015, -7.36, 43.82, -31.51, 0.00, 0.00, -218.00, 4.01, 21.61, 
58115, -7.94, 44.26, -32.13, 0.00, 0.00, -217.00, 4.01, 21.29, 
58215, -7.87, 44.12, -31.96, 0.00, 0.00, -216.00, 4.01, 21.29, 
58315, -7.23, 44.16, -32.14, 0.00, 0.00, -215.00, 4.01, 21.61, 
58415, -7.43, 44.72, -32.08, 0.00, 0.00, -214.00, 4.01, 21.61, 
58515, -7.58, 44.61, -32.23, 0.00, 0.00, -213.00, 4.01, 21.61, 
58615, -6.98, 44.34, -31.56, 0.00, 0.00, -212.00, 4.02, 21.29, 
58715, -7.24, 44.45, -32.21, 0.00, 0.00, -211.00, 4.01, 21.61, 
58815, -7.04, 44.25, -31.64, 0.00, 0.00, -210.00, 4.01, 20.97, 
58915, -6.58, 44.76, -32.26, 0.00, 0.00, -209.00, 4.01, 21.29, 
59015, -6.42, 44.35, -33.21, 0.00, 0.00, -208.00, 4.01, 21.29, 
59115, -6.04, 44.53, -32.05, 0.00, 0.00, -207.00, 4.01, 21.29, 
59215, -6.04, 44.63, -32.46, 0.00, 0.00, -206.00, 4.01, 21.94, 
59315, -5.93, 44.54, -32.58, 0.00, 0.00, -205.00, 4.01, 21.61, 
59416, -6.13, 44.23, -32.05, 0.00, 0.00, -204.00, 4.02, 21.29, 
59515, -6.18, 44.16, -32.10, 0.00, 0.00, -203.00, 4.02, 21.61, 
59615, -6.20, 44.07, -31.76, 0.00, 0.00, -202.00, 4.02, 21.61, 
59715, -5.78, 43.99, -31.86, 0.00, 0.00, -201.00, 4.02, 21.29, 
59815, -5.37, 44.01, -32.24, 0.00, 0.00, -200.00, 4.02, 21.61, 
59915, -6.45, 43.63, -31.66, 0.00, 0.00, -199.00, 4.02, 21.29, 
60015, -5.90, 44.01, -31.53, 0.00, 0.00, -198.00, 4.02, 21.94, 
60115, -6.04, 44.03, -31.70, 0.00, 0.00, -197.00, 4.02, 21.61, 
60215, -5.77, 44.03, -32.07, 0.00, 0.00, -196.00, 4.02, 21.61, 
60315, -5.65, 44.88, -32.13, 0.00, 0.00, -195.00, 4.02, 21.94, 
60415, -5.56, 43.87, -32.01, 0.00, 0.00, -194.00, 4.02, 21.94, 
60515, -5.84, 44.15, -31.45, 0.00, 0.00, -193.00, 4.02, 20.97, 
60614, -5.63, 44.25, -31.56, 0.00, 0.00, -192.00, 4.02, 21.29, 
60715, -5.94, 44.67, -31.51, 0.00, 0.00, -191.00, 4.02, 21.61, 
60815, -5.91, 44.35, -31.63, 0.00, 0.00, -190.00, 4.02, 21.94, 
60915, -5.87, 44.25, -31.70, 0.00, 0.00, -189.00, 4.02, 21.61, 
61015, -6.39, 44.16, -31.32, 0.00, 0.00, -188.00, 4.02, 21.29, 
61116, -6.00, 44.48, -32.58, 0.00, 0.00, -187.00, 4.02, 21.94, 
61216, -6.19, 44.01, -31.09, 0.00, 0.00, -186.00, 4.02, 21.29, 
61316, -6.60, 44.50, -31.20, 0.00, 0.00, -185.00, 4.02, 21.61, 
61416, -6.64, 44.35, -31.61, 0.00, 0.00, -184.00, 4.02, 21.29, 
61516, -6.45, 44.89, -31.88, 0.00, 0.00, -183.00, 4.02, 21.61, 
61616, -6.82, 44.48, -31.99, 0.00, 0.00, -182.00, 4.02, 21.94, 
61716, -6.50, 44.51, -32.15, 0.00, 0.00, -181.00, 4.02, 21.61, 
61816, -5.72, 45.21, -32.56, 0.00, 0.00, -180.00, 4.02, 22.26, 
61916, -5.65, 44.54, -32.21, 0.00, 0.00, -179.00, 4.02, 21.29, 
62016, -5.85, 45.08, -32.13, 0.00, 0.00, -178.00, 4.02, 21.61, 
62116, -4.49, 44.70, -31.41, 0.00, 0.00, -177.00, 4.02, 21.29, 
62216, -5.28, 44.53, -31.92, 0.00, 0.00, -176.00, 4.02, 21.29, 
62316, -4.30, 44.73, -31.44, 0.00, 0.00, -175.00, 4.02, 21.61, 
62416, -4.87, 44.50, -31.89, 0.00, 0.00, -174.00, 4.02, 21.29, 
62516, -4.64, 44.32, -31.77, 0.00, 0.00, -173.00, 4.02, 21.29, 
62616, -4.51, 44.94, -32.04, 0.00, 0.00, -172.00, 4.02, 21.61, 
62716, -4.38, 45.14, -31.88, 0.00, 0.00, -171.00, 4.02, 21.61, 
62816, -4.16, 44.32, -32.37, 0.00, 0.00, -170.00, 4.02, 21.61, 
62916, -4.52, 44.34, -31.45, 0.00, 0.00, -169.00, 4.02, 21.29, 
63017, -4.22, 44.75, -31.28, 0.00, 0.00, -168.00, 4.02, 21.61, 
63116, -4.70, 44.23, -31.42, 0.00, 0.00, -167.00, 4.02, 21.29, 
63216, -4.76, 44.48, -31.35, 0.00, 0.00, -166.00, 4.02, 21.94, 
63316, -4.48, 44.67, -30.61, 0.00, 0.00, -165.00, 4.03, 22.26, 
63416, -5.53, 44.29, -30.27, 0.00, 0.00, -164.00, 4.03, 21.94, 
63516, -5.34, 44.32, -30.49, 0.00, 0.00, -163.00, 4.03, 21.29, 
63616, -5.99, 44.92, -30.84, 0.00, 0.00, -162.00, 4.03, 21.29, 
63716, -6.26, 44.76, -29.71, 0.00, 0.00, -161.00, 4.03, 21.61, 
63816, -5.85, 45.02, -30.65, 0.00, 0.00, -160.00, 4.03, 21.29, 
63917, -5.42, 44.56, -31.18, 0.00, 0.00, -159.00, 4.03, 21.94, 
64016, -5.61, 44.61, -31.03, 0.00, 0.00, -158.00, 4.03, 21.29, 
64116, -5.33, 44.61, -31.80, 0.00, 0.00, -157.00, 4.03, 21.29, 
64216, -4.89, 44.82, -30.56, 0.00, 0.00, -156.00, 4.03, 21.29, 
64316, -4.76, 44.60, -31.18, 0.00, 0.00, -155.00, 4.03, 21.29, 
64416, -3.65, 45.01, -31.01, 0.00, 0.00, -154.00, 4.03, 21.61, 
64516, -4.14, 44.98, -31.03, 0.00, 0.00, -153.00, 4.03, 21.94, 
64616, -3.76, 45.13, -30.91, 0.00, 0.00, -152.00, 4.03, 20.97, 
64716, -3.76, 45.23, -31.15, 0.00, 0.00, -151.00, 4.03, 21.94, 
64816, -3.03, 45.23, -30.68, 0.00, 0.00, -150.00, 4.03, 21.61, 
64916, -3.22, 45.43, -30.91, 0.00, 0.00, -149.00, 4.03, 20.97, 
65016, -3.28, 45.23, -30.62, 0.00, 0.00, -148.00, 4.03, 21.29, 
65116, -3.02, 44.82, -30.20, 0.00, 0.00, -147.00, 4.03, 21.61, 
65216, -3.46, 44.50, -30.18, 0.00, 0.00, -146.00, 4.03, 21.94, 
65316, -3.56, 44.54, -30.43, 0.00, 0.00, -145.00, 4.03, 21.29, 
65416, -3.18, 44.86, -30.93, 0.00, 0.00, -144.00, 4.03, 21.61, 
65516, -4.30, 44.79, -30.06, 0.00, 0.00, -143.00, 4.03, 21.29, 
65616, -4.29, 44.47, -30.18, 0.00, 0.00, -142.00, 4.03, 21.29, 
65716, -3.47, 44.45, -30.31, 0.00, 0.00, -141.00, 4.03, 21.61, 
65816, -4.45, 44.66, -30.37, 0.00, 0.00, -140.00, 4.03, 21.94, 
65916, -4.29, 44.70, -30.17, 0.00, 0.00, -139.00, 4.03, 21.61, 
66016, -4.60, 44.88, -30.68, 0.00, 0.00, -138.00, 4.03, 21.29, 
66116, -4.90, 44.73, -30.14, 0.00, 0.00, -137.00, 4.03, 21.61, 
66216, -4.99, 44.95, -29.86, 0.00, 0.00, -136.00, 4.03, 21.61, 
66316, -4.99, 45.37, -30.20, 0.00, 0.00, -135.00, 4.03, 21.94, 
66416, -5.09, 44.91, -30.34, 0.00, 0.00, -134.00, 4.03, 21.29, 
66516, -4.87, 45.08, -29.71, 0.00, 0.00, -133.00, 4.03, 21.61, 
66616, -4.66, 44.96, -30.47, 0.00, 0.00, -132.00, 4.03, 21.61, 
66716, -4.82, 45.24, -29.99, 0.00, 0.00, -131.00, 4.03, 21.94, 
66816, -3.85, 45.33, -30.58, 0.00, 0.00, -130.00, 4.03, 21.61, 
66916, -3.84, 44.95, -30.74, 0.00, 0.00, -129.00, 4.03, 20.97, 
67016, -3.60, 45.37, -30.28, 0.00, 0.00, -128.00, 4.03, 21.61, 
67117, -2.74, 45.55, -30.63, 0.00, 0.00, -127.00, 4.03, 21.29, 
67216, -2.77, 45.46, -30.24, 0.00, 0.00, -126.00, 4.03, 21.29, 
67316, -3.09, 44.91, -30.72, 0.00, 0.00, -125.00, 4.03, 21.61, 
67417, -2.57, 45.01, -30.28, 0.00, 0.00, -124.00, 4.03, 21.61, 
67516, -2.64, 44.69, -29.71, 0.00, 0.00, -123.00, 4.03, 21.29, 
67616, -2.64, 44.86, -29.95, 0.00, 0.00, -122.00, 4.03, 21.94, 
67716, -2.87, 44.73, -29.64, 0.00, 0.00, -121.00, 4.03, 21.29, 
67816, -3.11, 45.29, -30.65, 0.00, 0.00, -120.00, 4.03, 21.61, 
67916, -3.24, 44.72, -29.95, 0.00, 0.00, -119.00, 4.03, 21.94, 
68016, -3.02, 44.47, -29.93, 0.00, 0.00, -118.00, 4.03, 21.61, 
68116, -3.14, 44.41, -29.85, 0.00, 0.00, -117.00, 4.03, 21.61, 
68216, -3.37, 44.26, -29.86, 0.00, 0.00, -116.00, 4.03, 21.61, 
68317, -3.91, 44.66, -29.71, 0.00, 0.00, -115.00, 4.04, 21.29, 
68417, -3.62, 44.67, -29.54, 0.00, 0.00, -114.00, 4.03, 21.94, 
68517, -3.84, 44.83, -30.34, 0.00, 0.00, -113.00, 4.04, 21.61, 
68617, -4.16, 45.01, -29.96, 0.00, 0.00, -112.00, 4.03, 21.61, 
68717, -4.41, 44.66, -29.83, 0.00, 0.00, -111.00, 4.04, 21.94, 
68817, -3.50, 45.10, -29.80, 0.00, 0.00, -110.00, 4.04, 21.61, 
68917, -3.69, 45.18, -30.30, 0.00, 0.00, -109.00, 4.04, 21.29, 
69017, -2.89, 45.49, -29.54, 0.00, 0.00, -108.00, 4.04, 21.94, 
69118, -3.71, 46.05, -29.63, 0.00, 0.00, -107.00, 4.04, 21.61, 
69217, -3.06, 45.37, -30.15, 0.00, 0.00, -106.00, 4.04, 21.29, 
69317, -2.13, 45.27, -30.06, 0.00, 0.00, -105.00, 4.04, 21.61, 
69417, -2.77, 45.56, -29.82, 0.00, 0.00, -104.00, 4.04, 21.61, 
69517, -2.07, 44.85, -28.71, 0.00, 0.00, -103.00, 4.04, 20.97, 
69617, -1.50, 45.11, -29.80, 0.00, 0.00, -102.00, 4.04, 21.29, 
69717, -1.60, 45.29, -29.17, 0.00, 0.00, -101.00, 4.04, 21.61, 
69817, -0.99, 45.13, -29.29, 0.00, 0.00, -100.00, 4.04, 21.61, 
69917, -0.81, 45.24, -28.95, 0.00, 0.00, -99.00, 4.04, 21.94, 
70017, -1.64, 44.83, -29.60, 0.00, 0.00, -98.00, 4.04, 21.61, 
70117, -1.59, 45.04, -29.35, 0.00, 0.00, -97.00, 4.04, 21.94, 
70217, -1.45, 44.99, -29.38, 0.00, 0.00, -96.00, 4.04, 21.29, 
70317, -1.86, 45.26, -28.88, 0.00, 0.00, -95.00, 4.04, 21.61, 
70417, -2.19, 45.62, -29.22, 0.00, 0.00, -94.00, 4.04, 21.29, 
70517, -2.30, 44.64, -29.19, 0.00, 0.00, -93.00, 4.04, 21.61, 
70617, -2.54, 45.46, -29.41, 0.00, 0.00, -92.00, 4.04, 21.61, 
70717, -2.80, 45.04, -28.91, 0.00, 0.00, -91.00, 4.04, 21.61, 
70817, -2.92, 45.15, -28.46, 0.00, 0.00, -90.00, 4.04, 21.29, 
70918, -2.73, 45.61, -29.06, 0.00, 0.00, -89.00, 4.04, 21.61, 
71017, -2.43, 44.67, -30.11, 0.00, 0.00, -88.00, 4.04, 21.61, 
71117, -2.30, 44.79, -29.39, 0.00, 0.00, -87.00, 4.04, 21.29, 
71217, -2.36, 44.50, -29.44, 0.00, 0.00, -86.00, 4.04, 21.29, 
71317, -1.89, 45.08, -29.42, 0.00, 0.00, -85.00, 4.04, 21.61, 
71417, -2.02, 45.02, -29.19, 0.00, 0.00, -84.00, 4.04, 21.61, 
71517, -1.41, 45.05, -29.19, 0.00, 0.00, -83.00, 4.04, 21.61, 
71618, -1.81, 45.33, -29.67, 0.00, 0.00, -82.00, 4.04, 21.61, 
71717, -2.02, 45.27, -29.99, 0.00, 0.00, -81.00, 4.04, 21.61, 
71817, -1.34, 45.13, -30.02, 0.00, 0.00, -80.00, 4.04, 22.26, 
71917, -1.10, 45.10, -29.76, 0.00, 0.00, -79.00, 4.04, 21.61, 
72017, -0.75, 44.89, -29.83, 0.00, 0.00, -78.00, 4.04, 21.29, 
72117, -0.80, 44.79, -29.89, 0.00, 0.00, -77.00, 4.04, 21.61, 
72217, -0.75, 45.39, -29.48, 0.00, 0.00, -76.00, 4.04, 20.97, 
72318, -0.56, 44.92, -29.52, 0.00, 0.00, -75.00, 4.04, 21.29, 
72417, -0.36, 45.65, -29.39, 0.00, 0.00, -74.00, 4.04, 21.61, 
72517, -0.21, 45.55, -30.46, 0.00, 0.00, -73.00, 4.04, 21.61, 
72617, -0.21, 45.46, -29.85, 0.00, 0.00, -72.00, 4.04, 21.29, 
72717, -0.50, 45.64, -29.36, 0.00, 0.00, -71.00, 4.04, 21.29, 
72817, -0.27, 45.52, -29.03, 0.00, 0.00, -70.00, 4.04, 21.61, 
72917, -0.45, 45.10, -29.13, 0.00, 0.00, -69.00, 4.04, 21.29, 
73017, -1.18, 44.92, -28.78, 0.00, 0.00, -68.00, 4.04, 20.65, 
73117, -1.31, 44.41, -29.03, 0.00, 0.00, -67.00, 4.04, 21.29, 
73217, -1.73, 44.86, -28.84, 0.00, 0.00, -66.00, 4.04, 22.26, 
73317, -1.69, 45.02, -28.75, 0.00, 0.00, -65.00, 4.04, 21.29, 
73416, -1.26, 45.51, -29.41, 0.00, 0.00, -64.00, 4.04, 21.94, 
73517, -2.05, 45.11, -29.36, 0.00, 0.00, -63.00, 4.04, 21.29, 
73617, -1.59, 45.21, -29.58, 0.00, 0.00, -62.00, 4.04, 21.61, 
73717, -2.07, 45.04, -29.11, 0.00, 0.00, -61.00, 4.04, 21.61, 
73817, -1.79, 45.51, -28.53, 0.00, 0.00, -60.00, 4.04, 21.61, 
73917, -1.89, 45.30, -28.35, 0.00, 0.00, -59.00, 4.04, 21.29, 
74017, -1.16, 45.29, -28.12, 0.00, 0.00, -58.00, 4.04, 21.61, 
74117, -1.24, 45.34, -29.20, 0.00, 0.00, -57.00, 4.04, 21.61, 
74217, -1.31, 45.29, -29.25, 0.00, 0.00, -56.00, 4.04, 21.29, 
74317, -0.86, 45.87, -29.51, 0.00, 0.00, -55.00, 4.04, 21.61, 
74417, -0.52, 45.49, -28.95, 0.00, 0.00, -54.00, 4.04, 21.29, 
74517, -1.12, 45.37, -29.11, 0.00, 0.00, -53.00, 4.04, 21.29, 
74617, -0.33, 44.98, -29.39, 0.00, 0.00, -52.00, 4.04, 20.97, 
74717, -0.71, 45.61, -29.47, 0.00, 0.00, -51.00, 4.04, 21.61, 
74817, -0.37, 45.64, -28.92, 0.00, 0.00, -50.00, 4.04, 21.29, 
74917, 0.46, 45.72, -29.32, 0.00, 0.00, -49.00, 4.04, 21.29, 
75017, 0.05, 44.99, -29.17, 0.00, 0.00, -48.00, 4.04, 21.29, 
75117, 0.21, 45.24, -29.11, 0.00, 0.00, -47.00, 4.04, 21.61, 
75217, 0.56, 45.43, -28.85, 0.00, 0.00, -46.00, 4.04, 21.61, 
75317, 0.15, 45.08, -29.51, 0.00, 0.00, -45.00, 4.04, 21.61, 
75417, 0.18, 44.89, -28.37, 0.00, 0.00, -44.00, 4.04, 21.61, 
75517, 0.18, 45.36, -28.72, 0.00, 0.00, -43.00, 4.04, 21.29, 
75618, 0.37, 44.94, -28.88, 0.00, 0.00, -42.00, 4.04, 21.29, 
75717, -0.21, 45.17, -28.62, 0.00, 0.00, -41.00, 4.04, 21.61, 
75817, -0.04, 44.83, -28.38, 0.00, 0.00, -40.00, 4.04, 21.61, 
75917, -0.67, 45.14, -28.53, 0.00, 0.00, -39.00, 4.04, 21.94, 
76017, -0.53, 45.40, -29.13, 0.00, 0.00, -38.00, 4.04, 21.61, 
76117, -0.43, 45.49, -28.75, 0.00, 0.00, -37.00, 4.04, 21.29, 
76217, -0.31, 44.79, -29.11, 0.00, 0.00, -36.00, 4.04, 21.29, 
76317, -0.37, 45.24, -28.38, 0.00, 0.00, -35.00, 4.04, 21.29, 
76417, -0.04, 45.61, -29.09, 0.00, 0.00, -34.00, 4.04, 21.61, 
76517, -0.15, 45.58, -29.03, 0.00, 0.00, -33.00, 4.04, 21.29, 
76616, -0.55, 45.39, -29.35, 0.00, 0.00, -32.00, 4.04, 21.61, 
76717, -0.39, 45.62, -28.30, 0.00, 0.00, -31.00, 4.04, 21.29, 
76817, 0.01, 45.30, -27.90, 0.00, 0.00, -30.00, 4.04, 21.61, 
76917, -0.11, 45.49, -28.18, 0.00, 0.00, -29.00, 4.04, 21.61, 
77017, -0.45, 45.62, -28.53, 0.00, 0.00, -28.00, 4.04, 21.61, 
77117, -0.18, 45.87, -29.16, 0.00, 0.00, -27.00, 4.04, 21.61, 
77217, -0.02, 45.17, -27.80, 0.00, 0.00, -26.00, 4.04, 21.94, 
77317, -0.23, 45.77, -27.96, 0.00, 0.00, -25.00, 4.04, 21.29, 
77417, 0.62, 45.61, -28.66, 0.00, 0.00, -24.00, 4.04, 22.26, 
77518, 0.62, 45.48, -28.06, 0.00, 0.00, -23.00, 4.04, 21.61, 
77617, 0.18, 45.99, -27.73, 0.00, 0.00, -22.00, 4.04, 21.61, 
77717, 0.30, 45.75, -28.28, 0.00, 0.00, -21.00, 4.04, 21.94, 
77817, 0.55, 46.12, -28.33, 0.00, 0.00, -20.00, 4.04, 21.94, 
77917, 0.58, 45.72, -29.01, 0.00, 0.00, -19.00, 4.04, 21.61, 
78017, 0.83, 45.94, -28.25, 0.00, 0.00, -18.00, 4.04, 21.61, 
78117, 0.93, 45.83, -28.35, 0.00, 0.00, -17.00, 4.04, 21.61, 
78216, 0.68, 45.80, -29.25, 0.00, 0.00, -16.00, 4.04, 21.61, 
78317, 1.34, 45.34, -27.43, 0.00, 0.00, -15.00, 4.04, 21.29, 
78417, 1.12, 45.65, -28.59, 0.00, 0.00, -14.00, 4.04, 21.94, 
78517, 0.84, 45.40, -28.15, 0.00, 0.00, -13.00, 4.04, 21.61, 
78617, 0.53, 45.74, -27.90, 0.00, 0.00, -12.00, 4.04, 21.94, 
78718, 0.71, 45.56, -28.19, 0.00, 0.00, -11.00, 4.04, 21.61, 
78817, 0.88, 45.72, -28.15, 0.00, 0.00, -10.00, 4.04, 21.29, 
78917, 1.13, 45.87, -28.11, 0.00, 0.00, -9.00, 4.04, 21.61, 
79017, 1.25, 45.99, -27.54, 0.00, 0.00, -8.00, 4.04, 21.61, 
79117, 1.06, 45.53, -27.99, 0.00, 0.00, -7.00, 4.04, 21.61, 
79217, 1.48, 45.83, -28.11, 0.00, 0.00, -6.00, 4.04, 21.29, 
79317, 1.51, 45.71, -27.87, 0.00, 0.00, -5.00, 4.04, 21.61, 
79417, 0.84, 46.10, -28.06, 0.00, 0.00, -4.00, 4.04, 21.61, 
79516, 1.31, 46.06, -28.33, 0.00, 0.00, -3.00, 4.04, 22.26, 
79617, 1.45, 45.94, -27.96, 0.00, 0.00, -2.00, 4.04, 21.61, 
79716, 0.84, 46.29, -28.24, 0.00, 0.00, -1.00, 4.04, 21.94, 
79816, 1.00, 45.89, -27.54, 0.00, 0.00, 0.00, 4.04, 21.61, 
79916, 1.57, 45.80, -28.37, 0.00, 0.00, 1.00, 4.04, 21.94, 
80016, 1.63, 45.70, -27.37, 0.00, 0.00, 2.00, 4.05, 21.29, 
80117, 1.16, 45.33, -28.52, 0.00, 0.00, 3.00, 4.05, 22.26, 
80217, 1.05, 45.65, -27.23, 0.00, 0.00, 4.00, 4.05, 21.61, 
80317, 1.41, 45.86, -27.56, 0.00, 0.00, 5.00, 4.04, 21.61, 
80417, 1.62, 45.43, -28.11, 0.00, 0.00, 6.00, 4.04, 21.94, 
80517, 1.67, 45.86, -27.94, 0.00, 0.00, 7.00, 4.04, 21.29, 
80617, 1.12, 46.10, -28.52, 0.00, 0.00, 8.00, 4.04, 21.61, 
80717, 1.56, 46.19, -27.40, 0.00, 0.00, 9.00, 4.04, 21.61, 
80817, 1.88, 46.79, -28.18, 0.00, 0.00, 10.00, 4.04, 21.61, 
80917, 1.83, 46.22, -27.73, 0.00, 0.00, 11.00, 4.05, 21.94, 
81017, 1.75, 46.38, -27.67, 0.00, 0.00, 12.00, 4.04, 21.61, 
81117, 2.30, 46.25, -27.89, 0.00, 0.00, 13.00, 4.04, 21.29, 
81217, 2.35, 46.24, -28.53, 0.00, 0.00, 14.00, 4.04, 21.61, 
81317, 2.29, 46.73, -28.09, 0.00, 0.00, 15.00, 4.04, 21.61, 
81416, 2.73, 46.12, -28.46, 0.00, 0.00, 16.00, 4.04, 21.61, 
81517, 2.74, 46.34, -28.60, 0.00, 0.00, 17.00, 4.04, 21.29, 
81617, 2.19, 46.16, -28.00, 0.00, 0.00, 18.00, 4.04, 21.61, 
81717, 2.29, 46.29, -27.97, 0.00, 0.00, 19.00, 4.04, 21.61, 
81817, 2.04, 46.53, -27.59, 0.00, 0.00, 20.00, 4.04, 21.61, 
81917, 2.16, 46.57, -27.80, 0.00, 0.00, 21.00, 4.04, 21.29, 
82017, 2.24, 46.08, -27.59, 0.00, 0.00, 22.00, 4.04, 21.29, 
82117, 2.55, 46.08, -28.06, 0.00, 0.00, 23.00, 4.04, 21.94, 
82217, 2.55, 46.05, -28.43, 0.00, 0.00, 24.00, 4.04, 21.29, 
82318, 2.52, 46.15, -27.99, 0.00, 0.00, 25.00, 4.04, 21.29, 
82418, 2.46, 46.16, -27.61, 0.00, 0.00, 26.00, 4.04, 22.26, 
82518, 2.64, 46.06, -27.56, 0.00, 0.00, 27.00, 4.04, 21.29, 
82618, 2.78, 46.38, -28.37, 0.00, 0.00, 28.00, 4.04, 21.61, 
82718, 1.79, 46.67, -27.80, 0.00, 0.00, 29.00, 4.04, 21.29, 
82818, 2.51, 46.19, -28.52, 0.00, 0.00, 30.00, 4.04, 21.29, 
82918, 1.91, 45.83, -27.36, 0.00, 0.00, 31.00, 4.04, 21.29, 
83017, 2.40, 46.70, -27.45, 0.00, 0.00, 32.00, 4.04, 21.29, 
83118, 2.35, 46.15, -27.87, 0.00, 0.00, 33.00, 4.04, 21.29, 
83218, 2.64, 46.72, -27.70, 0.00, 0.00, 34.00, 4.04, 21.29, 
83318, 2.93, 46.62, -27.11, 0.00, 0.00, 35.00, 4.04, 21.61, 
83418, 2.64, 46.22, -27.48, 0.00, 0.00, 36.00, 4.04, 21.61, 
83518, 2.73, 46.44, -27.94, 0.00, 0.00, 37.00, 4.04, 21.61, 
83618, 3.65, 46.03, -27.21, 0.00, 0.00, 38.00, 4.04, 21.61, 
83718, 3.63, 45.58, -27.51, 0.00, 0.00, 39.00, 4.04, 21.94, 
83819, 3.47, 46.03, -27.70, 0.00, 0.00, 40.00, 4.04, 21.29, 
83918, 3.97, 46.00, -27.87, 0.00, 0.00, 41.00, 4.04, 21.29, 
84018, 4.14, 46.09, -28.46, 0.00, 0.00, 42.00, 4.04, 21.94, 
84118, 4.04, 45.87, -26.99, 0.00, 0.00, 43.00, 4.04, 21.61, 
84218, 3.33, 46.15, -27.21, 0.00, 0.00, 44.00, 4.04, 21.61, 
84318, 3.79, 46.27, -27.67, 0.00, 0.00, 45.00, 4.04, 21.29, 
84418, 3.40, 46.06, -27.65, 0.00, 0.00, 46.00, 4.04, 21.61, 
84518, 3.49, 45.72, -27.24, 0.00, 0.00, 47.00, 4.04, 21.94, 
84618, 3.63, 45.96, -27.21, 0.00, 0.00, 48.00, 4.04, 21.61, 
84718, 3.34, 45.72, -27.65, 0.00, 0.00, 49.00, 4.04, 21.61, 
84819, 3.40, 46.19, -27.71, 0.00, 0.00, 50.00, 4.04, 21.94, 
84918, 3.60, 45.59, -27.24, 0.00, 0.00, 51.00, 4.04, 21.61, 
85018, 3.08, 46.27, -27.80, 0.00, 0.00, 52.00, 4.04, 21.29, 
85118, 3.15, 45.93, -28.54, 0.00, 0.00, 53.00, 4.04, 22.26, 
85218, 3.30, 46.76, -27.80, 0.00, 0.00, 54.00, 4.04, 21.29, 
85318, 3.22, 46.97, -27.14, 0.00, 0.00, 55.00, 4.04, 21.61, 
85418, 2.92, 46.95, -28.21, 0.00, 0.00, 56.00, 4.04, 21.61, 
85518, 3.98, 46.21, -27.87, 0.00, 0.00, 57.00, 4.04, 21.61, 
85618, 4.26, 46.78, -27.78, 0.00, 0.00, 58.00, 4.04, 21.94, 
85718, 4.41, 46.91, -28.19, 0.00, 0.00, 59.00, 4.04, 21.61, 
85818, 4.52, 47.17, -27.73, 0.00, 0.00, 60.00, 4.04, 21.94, 
85918, 4.77, 46.91, -27.73, 0.00, 0.00, 61.00, 4.04, 21.29, 
86019, 4.54, 46.41, -27.46, 0.00, 0.00, 62.00, 4.04, 20.97, 
86118, 4.45, 46.41, -27.42, 0.00, 0.00, 63.00, 4.04, 21.94, 
86217, 4.52, 46.72, -26.95, 0.00, 0.00, 64.00, 4.04, 21.61, 
86318, 3.75, 46.40, -27.51, 0.00, 0.00, 65.00, 4.04, 21.61, 
86418, 4.22, 46.76, -27.56, 0.00, 0.00, 66.00, 4.04, 21.29, 
86518, 4.00, 46.13, -27.40, 0.00, 0.00, 67.00, 4.04, 21.61, 
86618, 3.63, 45.80, -27.05, 0.00, 0.00, 68.00, 4.04, 21.61, 
86718, 3.72, 46.27, -27.24, 0.00, 0.00, 69.00, 4.04, 21.29, 
86818, 3.69, 45.91, -26.88, 0.00, 0.00, 70.00, 4.04, 21.61, 
86918, 3.41, 46.69, -27.11, 0.00, 0.00, 71.00, 4.04, 22.26, 
87018, 3.43, 46.89, -27.77, 0.00, 0.00, 72.00, 4.04, 21.29, 
87118, 3.76, 46.70, -27.67, 0.00, 0.00, 73.00, 4.04, 21.29, 
87218, 3.14, 46.66, -28.12, 0.00, 0.00, 74.00, 4.04, 21.61, 
87318, 3.50, 46.84, -27.08, 0.00, 0.00, 75.00, 4.04, 21.29, 
87418, 5.28, 47.14, -27.87, 0.00, 0.00, 76.00, 4.04, 21.61, 
87518, 4.71, 46.95, -27.20, 0.00, 0.00, 77.00, 4.04, 21.29, 
87618, 5.02, 47.23, -27.45, 0.00, 0.00, 78.00, 4.04, 21.94, 
87718, 4.99, 47.23, -27.26, 0.00, 0.00, 79.00, 4.04, 21.29, 
87818, 5.71, 47.01, -26.94, 0.00, 0.00, 80.00, 4.04, 21.61, 
87918, 5.31, 47.26, -26.99, 0.00, 0.00, 81.00, 4.04, 21.61, 
88018, 5.23, 46.82, -27.74, 0.00, 0.00, 82.00, 4.04, 21.29, 
88118, 5.23, 47.14, -27.33, 0.00, 0.00, 83.00, 4.04, 21.94, 
88218, 5.06, 46.50, -26.95, 0.00, 0.00, 84.00, 4.04, 21.29, 
88318, 5.17, 46.65, -27.52, 0.00, 0.00, 85.00, 4.04, 21.61, 
88418, 5.39, 46.70, -28.43, 0.00, 0.00, 86.00, 4.04, 22.26, 
88518, 4.73, 46.18, -26.98, 0.00, 0.00, 87.00, 4.04, 21.61, 
88619, 4.61, 46.76, -27.80, 0.00, 0.00, 88.00, 4.04, 21.94, 
88719, 4.49, 46.67, -27.32, 0.00, 0.00, 89.00, 4.04, 21.61, 
88819, 3.75, 47.45, -27.84, 0.00, 0.00, 90.00, 4.04, 21.29, 
88919, 4.09, 47.23, -27.33, 0.00, 0.00, 91.00, 4.04, 21.94, 
89019, 4.25, 47.60, -27.90, 0.00, 0.00, 92.00, 4.04, 21.61, 
89119, 4.22, 47.64, -27.51, 0.00, 0.00, 93.00, 4.04, 21.61, 
89219, 4.00, 47.68, -27.36, 0.00, 0.00, 94.00, 4.04, 21.94, 
89319, 5.04, 47.38, -27.83, 0.00, 0.00, 95.00, 4.04, 21.94, 
89419, 5.56, 47.89, -27.43, 0.00, 0.00, 96.00, 4.04, 22.26, 
89519, 5.90, 47.39, -27.42, 0.00, 0.00, 97.00, 4.04, 21.61, 
89619, 5.58, 47.45, -27.35, 0.00, 0.00, 98.00, 4.04, 20.97, 
89719, 5.53, 47.03, -27.02, 0.00, 0.00, 99.00, 4.04, 21.29, 
89819, 5.99, 46.78, -27.01, 0.00, 0.00, 100.00, 4.04, 21.29, 
89919, 5.80, 47.58, -27.49, 0.00, 0.00, 101.00, 4.04, 21.29, 
90019, 5.97, 46.67, -26.92, 0.00, 0.00, 102.00, 4.04, 21.61, 
90119, 5.39, 46.12, -26.57, 0.00, 0.00, 103.00, 4.04, 21.29, 
90219, 5.68, 46.66, -27.10, 0.00, 0.00, 104.00, 4.04, 21.61, 
90319, 4.68, 46.67, -26.85, 0.00, 0.00, 105.00, 4.04, 21.29, 
90419, 4.64, 46.62, -27.07, 0.00, 0.00, 106.00, 4.04, 21.29, 
90519, 4.32, 46.56, -27.61, 0.00, 0.00, 107.00, 4.04, 21.61, 
90619, 4.35, 46.73, -27.24, 0.00, 0.00, 108.00, 4.04, 22.26, 
90719, 4.77, 47.20, -26.82, 0.00, 0.00, 109.00, 4.04, 21.29, 
90819, 4.63, 47.35, -27.59, 0.00, 0.00, 110.00, 4.04, 21.61, 
90919, 4.45, 46.91, -27.18, 0.00, 0.00, 111.00, 4.04, 21.61, 
91019, 5.18, 47.68, -27.02, 0.00, 0.00, 112.00, 4.04, 21.61, 
91119, 5.27, 47.77, -27.27, 0.00, 0.00, 113.00, 4.04, 21.29, 
91219, 6.16, 47.62, -26.83, 0.00, 0.00, 114.00, 4.03, 21.29, 
91319, 6.25, 47.65, -27.01, 0.00, 0.00, 115.00, 4.04, 21.61, 
91419, 7.17, 47.17, -27.42, 0.00, 0.00, 116.00, 4.04, 21.61, 
91519, 7.04, 47.84, -26.66, 0.00, 0.00, 117.00, 4.04, 21.61, 
91619, 6.67, 47.87, -26.67, 0.00, 0.00, 118.00, 4.04, 21.29, 
91719, 6.86, 47.38, -27.27, 0.00, 0.00, 119.00, 4.04, 21.61, 
91819, 6.51, 47.03, -26.88, 0.00, 0.00, 120.00, 4.04, 21.61, 
91919, 6.86, 47.49, -26.78, 0.00, 0.00, 121.00, 4.03, 21.61, 
92019, 6.38, 46.91, -27.30, 0.00, 0.00, 122.00, 4.03, 21.61, 
92119, 6.67, 47.03, -26.44, 0.00, 0.00, 123.00, 4.04, 21.61, 
92219, 5.68, 47.35, -26.79, 0.00, 0.00, 124.00, 4.03, 21.61, 
92319, 5.72, 47.61, -27.13, 0.00, 0.00, 125.00, 4.03, 21.29, 
92419, 5.53, 47.54, -26.70, 0.00, 0.00, 126.00, 4.03, 21.29, 
92519, 4.63, 47.89, -27.29, 0.00, 0.00, 127.00, 4.03, 21.61, 
92619, 5.02, 47.58, -27.64, 0.00, 0.00, 128.00, 4.04, 21.94, 
92719, 5.42, 47.93, -27.46, 0.00, 0.00, 129.00, 4.03, 21.61, 
92819, 5.65, 48.00, -27.92, 0.00, 0.00, 130.00, 4.03, 21.61, 
92919, 5.63, 48.15, -27.21, 0.00, 0.00, 131.00, 4.03, 21.61, 
93019, 6.25, 48.05, -27.89, 0.00, 0.00, 132.00, 4.03, 21.94, 
93119, 6.32, 48.44, -27.58, 0.00, 0.00, 133.00, 4.03, 21.61, 
93219, 6.70, 48.41, -27.35, 0.00, 0.00, 134.00, 4.03, 21.29, 
93319, 7.64, 48.77, -27.20, 0.00, 0.00, 135.00, 4.03, 21.29, 
93419, 7.26, 48.50, -27.65, 0.00, 0.00, 136.00, 4.03, 21.61, 
93519, 7.51, 48.49, -26.88, 0.00, 0.00, 137.00, 4.03, 21.29, 
93619, 7.58, 48.31, -27.51, 0.00, 0.00, 138.00, 4.03, 21.29, 
93719, 7.13, 48.09, -27.26, 0.00, 0.00, 139.00, 4.03, 21.29, 
93819, 6.86, 47.87, -27.07, 0.00, 0.00, 140.00, 4.03, 20.97, 
93919, 7.02, 47.68, -26.64, 0.00, 0.00, 141.00, 4.03, 21.61, 
94019, 6.96, 47.27, -27.61, 0.00, 0.00, 142.00, 4.03, 21.29, 
94120, 5.30, 48.00, -27.14, 0.00, 0.00, 143.00, 4.03, 21.94, 
94219, 6.03, 47.83, -27.23, 0.00, 0.00, 144.00, 4.03, 22.26, 
94319, 6.22, 47.71, -26.94, 0.00, 0.00, 145.00, 4.03, 21.29, 
94419, 6.04, 47.79, -27.48, 0.00, 0.00, 146.00, 4.03, 21.29, 
94519, 5.68, 48.06, -27.55, 0.00, 0.00, 147.00, 4.03, 21.61, 
94619, 5.72, 47.74, -27.43, 0.00, 0.00, 148.00, 4.03, 21.29, 
94719, 6.06, 48.33, -27.81, 0.00, 0.00, 149.00, 4.03, 21.61, 
94819, 6.12, 48.38, -27.59, 0.00, 0.00, 150.00, 4.03, 21.61, 
94919, 6.75, 48.52, -27.08, 0.00, 0.00, 151.00, 4.03, 21.61, 
95019, 6.66, 48.56, -27.83, 0.00, 0.00, 152.00, 4.03, 21.94, 
95119, 6.63, 48.50, -26.78, 0.00, 0.00, 153.00, 4.03, 21.61, 
95219, 7.52, 48.66, -27.52, 0.00, 0.00, 154.00, 4.03, 21.29, 
95319, 8.21, 48.60, -27.02, 0.00, 0.00, 155.00, 4.03, 21.29, 
95419, 8.28, 48.56, -27.21, 0.00, 0.00, 156.00, 4.03, 21.29, 
95519, 8.31, 48.03, -27.01, 0.00, 0.00, 157.00, 4.03, 21.61, 
95619, 8.43, 47.95, -28.00, 0.00, 0.00, 158.00, 4.03, 20.97, 
95719, 7.74, 48.02, -26.75, 0.00, 0.00, 159.00, 4.03, 21.29, 
95819, 7.43, 47.93, -27.58, 0.00, 0.00, 160.00, 4.03, 21.61, 
95919, 7.52, 47.81, -26.44, 0.00, 0.00, 161.00, 4.03, 21.61, 
96019, 6.61, 48.08, -27.56, 0.00, 0.00, 162.00, 4.03, 21.61, 
96119, 6.63, 48.03, -27.92, 0.00, 0.00, 163.00, 4.03, 21.29, 
96219, 6.80, 48.27, -26.67, 0.00, 0.00, 164.00, 4.02, 21.61, 
96319, 6.72, 48.34, -27.10, 0.00, 0.00, 165.00, 4.03, 21.61, 
96419, 6.69, 48.36, -27.43, 0.00, 0.00, 166.00, 4.03, 21.29, 
96519, 7.17, 48.66, -27.64, 0.00, 0.00, 167.00, 4.03, 21.94, 
96619, 7.37, 49.12, -27.59, 0.00, 0.00, 168.00, 4.03, 21.29, 
96719, 7.67, 48.97, -27.81, 0.00, 0.00, 169.00, 4.02, 21.61, 
96819, 7.71, 49.26, -26.94, 0.00, 0.00, 170.00, 4.02, 21.94, 
96919, 7.89, 49.15, -27.36, 0.00, 0.00, 171.00, 4.02, 21.61, 
97019, 8.13, 49.80, -28.22, 0.00, 0.00, 172.00, 4.02, 21.29, 
97119, 8.60, 48.60, -27.58, 0.00, 0.00, 173.00, 4.03, 21.94, 
97219, 9.43, 49.06, -27.29, 0.00, 0.00, 174.00, 4.02, 21.29, 
97319, 9.05, 48.14, -27.21, 0.00, 0.00, 175.00, 4.02, 21.94, 
97419, 8.94, 48.24, -27.39, 0.00, 0.00, 176.00, 4.02, 21.61, 
97519, 8.53, 47.96, -27.62, 0.00, 0.00, 177.00, 4.02, 21.29, 
97619, 7.64, 48.08, -28.06, 0.00, 0.00, 178.00, 4.02, 21.29, 
97719, 7.42, 48.65, -28.21, 0.00, 0.00, 179.00, 4.02, 21.29, 
97820, 7.84, 47.71, -28.21, 0.00, 0.00, 180.00, 4.02, 21.61, 
97919, 7.45, 48.05, -27.84, 0.00, 0.00, 181.00, 4.02, 21.94, 
98019, 7.75, 48.15, -27.02, 0.00, 0.00, 182.00, 4.02, 21.29, 
98119, 7.33, 48.18, -27.71, 0.00, 0.00, 183.00, 4.02, 21.61, 
98219, 7.40, 49.17, -27.80, 0.00, 0.00, 184.00, 4.02, 21.61, 
98319, 7.45, 48.28, -27.59, 0.00, 0.00, 185.00, 4.02, 21.29, 
98419, 7.75, 48.93, -27.89, 0.00, 0.00, 186.00, 4.02, 20.97, 
98519, 8.28, 48.40, -27.92, 0.00, 0.00, 187.00, 4.02, 21.29, 
98619, 8.44, 49.04, -27.89, 0.00, 0.00, 188.00, 4.02, 21.61, 
98719, 8.57, 49.09, -27.92, 0.00, 0.00, 189.00, 4.02, 21.94, 
98819, 8.22, 48.96, -27.58, 0.00, 0.00, 190.00, 4.02, 21.29, 
98919, 9.07, 48.82, -27.67, 0.00, 0.00, 191.00, 4.02, 20.97, 
99019, 9.16, 49.41, -27.20, 0.00, 0.00, 192.00, 4.02, 21.61, 
99119, 9.10, 49.50, -27.67, 0.00, 0.00, 193.00, 4.02, 21.29, 
99219, 9.83, 48.69, -27.04, 0.00, 0.00, 194.00, 4.02, 21.29, 
99319, 9.49, 48.84, -27.30, 0.00, 0.00, 195.00, 4.02, 21.61, 
99419, 9.92, 48.66, -27.20, 0.00, 0.00, 196.00, 4.02, 21.61, 
99519, 9.65, 48.21, -27.39, 0.00, 0.00, 197.00, 4.02, 21.94, 
99619, 9.68, 48.53, -26.80, 0.00, 0.00, 198.00, 4.02, 21.94, 
99719, 9.87, 48.68, -27.97, 0.00, 0.00, 199.00, 4.02, 21.29, 
99819, 9.84, 48.41, -27.54, 0.00, 0.00, 200.00, 4.02, 20.97, 
99919, 9.96, 48.57, -27.61, 0.00, 0.00, 201.00, 4.02, 20.97, 
100019, 9.01, 48.50, -27.18, 0.00, 0.00, 202.00, 4.02, 21.61, 
100119, 9.46, 48.60, -27.80, 0.00, 0.00, 203.00, 4.02, 21.29, 
100219, 9.11, 48.82, -27.99, 0.00, 0.00, 204.00, 4.02, 21.94, 
100319, 8.81, 48.71, -27.40, 0.00, 0.00, 205.00, 4.02, 21.61, 
100419, 8.56, 49.39, -27.29, 0.00, 0.00, 206.00, 4.02, 21.29, 
100519, 8.54, 48.59, -28.27, 0.00, 0.00, 207.00, 4.02, 21.29, 
100619, 8.84, 48.34, -27.58, 0.00, 0.00, 208.00, 4.01, 21.94, 
100719, 9.07, 49.06, -27.68, 0.00, 0.00, 209.00, 4.01, 21.29, 
100819, 9.11, 48.60, -27.02, 0.00, 0.00, 210.00, 4.02, 21.61, 
100919, 9.61, 48.88, -27.68, 0.00, 0.00, 211.00, 4.02, 21.29, 
101019, 9.71, 49.04, -27.45, 0.00, 0.00, 212.00, 4.01, 21.61, 
101119, 9.61, 49.10, -26.91, 0.00, 0.00, 213.00, 4.01, 21.29, 
101219, 9.65, 49.22, -27.37, 0.00, 0.00, 214.00, 4.01, 21.29, 
101319, 9.90, 49.47, -27.17, 0.00, 0.00, 215.00, 4.01, 21.29, 
101419, 9.84, 49.72, -27.20, 0.00, 0.00, 216.00, 4.01, 21.61, 
101519, 9.92, 49.53, -26.91, 0.00, 0.00, 217.00, 4.01, 21.29, 
101619, 10.55, 49.10, -27.49, 0.00, 0.00, 218.00, 4.01, 21.29, 
101719, 10.40, 49.16, -27.24, 0.00, 0.00, 219.00, 4.01, 21.29, 
101819, 10.03, 49.15, -27.46, 0.00, 0.00, 220.00, 4.01, 21.61, 
101919, 9.48, 48.74, -28.37, 0.00, 0.00, 221.00, 4.01, 21.29, 
102019, 9.64, 48.55, -26.85, 0.00, 0.00, 222.00, 4.01, 21.61, 
102119, 9.42, 48.98, -27.74, 0.00, 0.00, 223.00, 4.01, 21.29, 
102219, 9.54, 48.82, -27.18, 0.00, 0.00, 224.00, 4.01, 21.61, 
102319, 9.00, 49.20, -28.50, 0.00, 0.00, 225.00, 4.01, 21.61, 
102419, 9.26, 48.52, -28.73, 0.00, 0.00, 226.00, 4.01, 21.29, 
102519, 9.41, 48.88, -27.65, 0.00, 0.00, 227.00, 4.01, 21.29, 
102619, 9.95, 49.22, -27.68, 0.00, 0.00, 228.00, 4.01, 22.26, 
102719, 9.98, 49.69, -28.37, 0.00, 0.00, 229.00, 4.01, 21.29, 
102819, 10.46, 48.87, -27.65, 0.00, 0.00, 230.00, 4.01, 21.29, 
102919, 9.86, 49.44, -27.49, 0.00, 0.00, 231.00, 4.01, 21.29, 
103019, 9.46, 49.10, -27.23, 0.00, 0.00, 232.00, 4.01, 21.29, 
103119, 10.00, 49.29, -27.35, 0.00, 0.00, 233.00, 4.01, 21.61, 
103219, 9.95, 49.42, -27.26, 0.00, 0.00, 234.00, 4.01, 21.29, 
103319, 10.00, 49.31, -28.24, 0.00, 0.00, 235.00, 4.01, 21.61, 
103419, 10.14, 49.50, -28.54, 0.00, 0.00, 236.00, 4.01, 21.61, 
103519, 10.44, 49.85, -26.98, 0.00, 0.00, 237.00, 4.01, 21.61, 
103619, 10.44, 49.45, -27.43, 0.00, 0.00, 238.00, 4.01, 21.29, 
103719, 10.79, 49.79, -28.08, 0.00, 0.00, 239.00, 4.01, 21.29, 
103819, 10.52, 48.65, -27.51, 0.00, 0.00, 240.00, 4.01, 21.61, 
103919, 10.24, 50.10, -27.33, 0.00, 0.00, 241.00, 4.01, 21.61, 
104019, 10.44, 49.64, -27.87, 0.00, 0.00, 242.00, 4.01, 21.94, 
104119, 10.15, 49.83, -27.61, 0.00, 0.00, 243.00, 4.00, 21.29, 
104219, 10.60, 49.60, -28.06, 0.00, 0.00, 244.00, 4.01, 21.61, 
104319, 10.71, 49.44, -28.06, 0.00, 0.00, 245.00, 4.00, 21.61, 
104419, 10.00, 49.69, -27.81, 0.00, 0.00, 246.00, 4.01, 21.61, 
104519, 10.31, 49.73, -27.56, 0.00, 0.00, 247.00, 4.00, 21.29, 
104619, 10.46, 49.45, -26.95, 0.00, 0.00, 248.00, 4.00, 21.29, 
104719, 9.77, 49.54, -28.38, 0.00, 0.00, 249.00, 4.00, 21.29, 
104819, 10.18, 49.86, -27.81, 0.00, 0.00, 250.00, 4.00, 21.94, 
104919, 10.37, 49.79, -27.37, 0.00, 0.00, 251.00, 4.00, 21.61, 
105019, 10.60, 50.29, -28.05, 0.00, 0.00, 252.00, 4.00, 21.29, 
105119, 10.95, 50.31, -28.95, 0.00, 0.00, 253.00, 4.00, 21.94, 
105219, 11.00, 49.93, -28.30, 0.00, 0.00, 254.00, 4.00, 21.61, 
