0.00, -242.00, 0.00, 0.00, 0.00, 0.00, 14.25, 3.90, 67.67, -5.52, -40.05, -0.00, 0.10, 0.01, 40.45, -22.59, -8.70, 0.00, -0.00, -0.00, 20.07, -21.16, 0.97, 0.02, 0.00, 0.01
0.00, -241.00, 0.00, 0.00, 0.00, 0.00, 14.63, 3.90, 67.87, -5.63, -39.93, 0.00, 0.10, 0.01, 40.70, -22.74, -8.73, -0.00, -0.00, -0.00, 21.15, -21.33, 0.84, 0.02, 0.00, 0.01
0.00, -240.00, 0.00, 0.00, 0.00, 0.00, 14.25, 3.91, 67.49, -5.04, -39.90, -0.00, 0.10, 0.01, 40.31, -22.14, -8.68, 0.00, 0.00, -0.00, 22.16, -21.26, 0.69, 0.02, 0.00, 0.01
0.00, -239.00, 0.00, 0.00, 0.00, 0.00, 14.63, 3.91, 66.88, -5.17, -39.52, -0.00, 0.10, 0.01, 39.74, -22.32, -8.44, -0.00, -0.00, -0.00, 23.07, -21.31, 0.53, 0.02, 0.00, 0.01
0.00, -238.00, 0.00, 0.00, 0.00, 0.00, 14.38, 3.91, 67.36, -5.26, -41.44, 0.00, 0.11, 0.01, 40.23, -22.42, -10.38, -0.00, 0.00, 0.00, 23.95, -21.34, 0.29, 0.01, 0.01, 0.01
0.00, -237.00, 0.00, 0.00, 0.00, 0.00, 14.50, 3.91, 67.14, -5.70, -41.01, 0.00, 0.10, 0.01, 40.03, -22.88, -10.03, -0.00, -0.00, -0.00, 24.77, -21.54, 0.06, 0.01, 0.00, 0.01
0.00, -236.00, 0.00, 0.00, 0.00, 0.00, 14.38, 3.91, 67.01, -5.69, -40.68, -0.00, 0.10, 0.01, 39.92, -22.88, -9.74, 0.00, -0.00, -0.00, 25.54, -21.69, -0.17, 0.01, 0.00, 0.00
0.00, -235.00, 0.00, 0.00, 0.00, 0.00, 14.50, 3.91, 66.79, -5.47, -40.56, 0.00, 0.10, 0.01, 39.73, -22.70, -9.72, -0.00, -0.00, -0.00, 26.26, -21.74, -0.41, 0.01, -0.00, 0.00
0.00, -234.00, 0.00, 0.00, 0.00, 0.00, 14.38, 3.91, 67.10, -5.22, -40.03, 0.00, 0.10, 0.01, 40.06, -22.47, -9.26, -0.00, -0.01, 0.00, 26.97, -21.72, -0.63, 0.01, -0.00, 0.01
0.00, -233.00, 0.00, 0.00, 0.00, 0.00, 14.50, 3.91, 67.22, -5.57, -40.60, 0.00, 0.10, 0.01, 40.20, -22.86, -9.93, -0.00, -0.00, -0.00, 27.63, -21.83, -0.88, 0.01, 0.00, 0.00
0.00, -232.00, 0.00, 0.00, 0.00, 0.00, 14.50, 3.91, 67.47, -5.51, -40.51, 0.00, 0.10, 0.01, 40.47, -22.81, -9.89, -0.00, -0.00, 0.00, 28.28, -21.89, -1.12, 0.01, 0.00, 0.01
0.00, -231.00, 0.00, 0.00, 0.00, 0.00, 14.25, 3.91, 67.35, -5.45, -39.58, 0.00, 0.10, 0.01, 40.36, -22.77, -9.00, -0.00, -0.00, -0.00, 28.90, -21.95, -1.33, 0.01, -0.00, 0.00
0.00, -230.00, 0.00, 0.00, 0.00, 0.00, 14.38, 3.91, 66.87, -5.57, -40.37, 0.00, 0.10, 0.01, 39.90, -22.91, -9.86, -0.00, -0.00, 0.00, 29.44, -22.03, -1.58, 0.01, 0.00, 0.01
0.00, -229.00, 0.00, 0.00, 0.00, 0.00, 14.25, 3.91, 66.92, -4.85, -40.69, 0.00, 0.10, 0.01, 39.98, -22.21, -10.23, -0.00, -0.01, -0.00, 29.97, -21.85, -1.85, 0.01, -0.00, 0.00
0.00, -228.00, 0.00, 0.00, 0.00, 0.00, 14.38, 3.91, 66.34, -5.48, -39.77, 0.00, 0.10, 0.01, 39.42, -22.87, -9.41, -0.00, -0.00, -0.00, 30.43, -21.99, -2.09, 0.01, 0.00, 0.00
0.00, -227.00, 0.00, 0.00, 0.00, 0.00, 14.00, 3.91, 65.89, -5.00, -39.13, 0.00, 0.11, 0.01, 38.97, -22.39, -8.76, -0.00, 0.00, -0.00, 30.86, -21.95, -2.30, 0.00, 0.00, 0.00
0.00, -226.00, 0.00, 0.00, 0.00, 0.00, 14.38, 3.91, 66.43, -4.79, -39.67, 0.00, 0.10, 0.01, 39.55, -22.24, -9.45, -0.00, -0.00, -0.00, 31.29, -21.85, -2.53, 0.00, -0.00, 0.00
0.00, -225.00, 0.00, 0.00, 0.00, 0.00, 14.50, 3.91, 66.44, -4.81, -39.83, -0.00, 0.10, 0.01, 39.60, -22.28, -9.70, 0.00, 0.00, -0.00, 31.70, -21.81, -2.76, 0.01, 0.00, 0.00
0.00, -224.00, 0.00, 0.00, 0.00, 0.00, 14.25, 3.91, 66.02, -5.31, -39.74, 0.00, 0.10, 0.01, 39.18, -22.79, -9.64, -0.00, -0.01, -0.00, 32.05, -21.97, -2.99, 0.00, -0.00, 0.00
0.00, -223.00, 0.00, 0.00, 0.00, 0.00, 14.38, 3.91, 67.55, -5.01, -39.62, -0.00, 0.10, 0.01, 40.75, -22.53, -9.62, 0.00, -0.00, -0.00, 32.48, -21.97, -3.19, 0.01, -0.00, 0.00
0.00, -222.00, 0.00, 0.00, 0.00, 0.00, 14.25, 3.91, 67.23, -5.66, -39.65, -0.00, 0.10, 0.01, 40.44, -23.19, -9.69, 0.00, -0.00, -0.00, 32.86, -22.21, -3.40, 0.01, -0.00, -0.00
0.00, -221.00, 0.00, 0.00, 0.00, 0.00, 14.38, 3.91, 66.92, -5.01, -39.30, 0.01, 0.10, 0.01, 40.16, -22.58, -9.44, -0.01, -0.00, 0.00, 33.22, -22.17, -3.60, -0.00, 0.00, 0.00
0.00, -220.00, 0.00, 0.00, 0.00, 0.00, 14.25, 3.91, 66.47, -5.32, -39.14, 0.00, 0.10, 0.01, 39.72, -22.90, -9.32, -0.00, -0.00, -0.00, 33.53, -22.27, -3.79, 0.00, -0.00, 0.00
0.00, -219.00, 0.00, 0.00, 0.00, 0.00, 14.38, 3.92, 65.86, -5.57, -39.80, 0.00, 0.10, 0.01, 39.13, -23.18, -10.06, -0.00, -0.00, -0.00, 33.78, -22.44, -4.03, 0.00, 0.00, 0.00
0.00, -218.00, 0.00, 0.00, 0.00, 0.00, 14.50, 3.92, 66.37, -5.19, -40.66, 0.00, 0.10, 0.01, 39.66, -22.81, -10.96, -0.00, -0.00, -0.00, 34.05, -22.40, -4.30, 0.00, -0.00, 0.00
0.00, -217.00, 0.00, 0.00, 0.00, 0.00, 14.63, 3.92, 65.51, -5.44, -40.85, 0.00, 0.10, 0.01, 38.83, -23.11, -11.28, -0.00, -0.00, -0.00, 34.25, -22.49, -4.60, 0.00, -0.00, -0.00
0.00, -216.00, 0.00, 0.00, 0.00, 0.00, 14.50, 3.92, 65.95, -5.51, -40.56, 0.00, 0.10, 0.01, 39.29, -23.21, -11.06, -0.00, -0.00, -0.00, 34.46, -22.59, -4.86, 0.00, -0.00, -0.00
0.00, -215.00, 0.00, 0.00, 0.00, 0.00, 13.88, 3.92, 65.93, -4.94, -40.05, 0.00, 0.10, 0.01, 39.26, -22.62, -10.49, -0.00, -0.01, -0.00, 34.69, -22.46, -5.08, 0.00, -0.01, 0.00
0.00, -214.00, 0.00, 0.00, 0.00, 0.00, 14.13, 3.92, 67.04, -5.42, -40.03, 0.00, 0.10, 0.01, 40.41, -23.14, -10.60, -0.00, -0.01, -0.00, 34.96, -22.55, -5.28, 0.00, -0.00, 0.00
0.00, -213.00, 0.00, 0.00, 0.00, 0.00, 14.38, 3.92, 66.47, -4.91, -39.94, 0.00, 0.10, 0.01, 39.88, -22.68, -10.63, -0.00, -0.00, -0.00, 35.19, -22.46, -5.49, 0.00, -0.00, 0.00
0.00, -212.00, 0.00, 0.00, 0.00, 0.00, 14.25, 3.92, 67.01, -5.35, -40.34, 0.00, 0.10, 0.01, 40.43, -23.13, -11.07, -0.00, -0.01, -0.00, 35.43, -22.55, -5.70, 0.00, -0.00, 0.00
0.00, -211.00, 0.00, 0.00, 0.00, 0.00, 14.25, 3.92, 66.63, -4.74, -39.83, 0.00, 0.10, 0.01, 40.07, -22.54, -10.63, -0.00, -0.00, -0.00, 35.66, -22.42, -5.89, 0.00, -0.00, 0.00
0.00, -210.00, 0.00, 0.00, 0.00, 0.00, 14.38, 3.92, 65.61, -4.69, -39.55, 0.00, 0.10, 0.01, 39.08, -22.53, -10.45, -0.00, -0.01, -0.00, 35.81, -22.36, -6.08, 0.00, -0.01, 0.00
0.00, -209.00, 0.00, 0.00, 0.00, 0.00, 14.25, 3.92, 65.24, -5.03, -39.83, 0.01, 0.10, 0.00, 38.73, -22.89, -10.77, -0.01, -0.00, -0.01, 35.92, -22.44, -6.29, -0.00, -0.00, -0.00
0.00, -208.00, 0.00, 0.00, 0.00, 0.00, 14.50, 3.92, 65.13, -5.35, -40.05, 0.00, 0.11, 0.01, 38.65, -23.25, -11.12, -0.00, 0.00, -0.00, 36.01, -22.63, -6.50, 0.00, 0.00, 0.00
0.00, -207.00, 0.00, 0.00, 0.00, 0.00, 14.38, 3.92, 65.43, -4.60, -39.37, 0.00, 0.10, 0.01, 38.97, -22.52, -10.47, -0.00, -0.00, -0.00, 36.15, -22.50, -6.67, 0.00, -0.00, 0.00
0.00, -206.00, 0.00, 0.00, 0.00, 0.00, 14.38, 3.92, 65.04, -5.03, -39.11, 0.01, 0.10, 0.01, 38.59, -22.97, -10.28, -0.01, 0.00, -0.00, 36.25, -22.58, -6.82, -0.00, 0.00, -0.00
0.00, -205.00, 0.00, 0.00, 0.00, 0.00, 14.63, 3.92, 65.46, -5.17, -39.59, -0.00, 0.10, 0.01, 39.05, -23.16, -10.88, 0.00, -0.00, -0.00, 36.36, -22.69, -6.99, 0.00, -0.00, -0.00
0.00, -204.00, 0.00, 0.00, 0.00, 0.00, 14.75, 3.92, 66.18, -5.07, -39.65, 0.01, 0.10, 0.01, 39.80, -23.09, -11.04, -0.01, -0.00, -0.00, 36.51, -22.73, -7.15, -0.00, 0.00, 0.00
0.00, -203.00, 0.00, 0.00, 0.00, 0.00, 14.25, 3.92, 65.92, -5.26, -39.46, 0.01, 0.10, 0.01, 39.53, -23.27, -10.82, -0.01, -0.00, -0.00, 36.64, -22.83, -7.30, -0.00, -0.00, -0.00
0.00, -202.00, 0.00, 0.00, 0.00, 0.00, 14.63, 3.92, 66.11, -4.65, -39.58, -0.00, 0.10, 0.01, 39.76, -22.71, -11.08, 0.00, -0.00, -0.00, 36.79, -22.70, -7.46, 0.00, -0.00, 0.00
0.00, -201.00, 0.00, 0.00, 0.00, 0.00, 14.38, 3.92, 65.89, -4.74, -38.64, 0.00, 0.10, 0.01, 39.55, -22.81, -10.16, -0.00, -0.00, -0.00, 36.93, -22.67, -7.55, -0.00, -0.00, 0.00
0.00, -200.00, 0.00, 0.00, 0.00, 0.00, 14.63, 3.92, 65.14, -4.59, -38.88, 0.00, 0.10, 0.01, 38.83, -22.69, -10.47, -0.00, -0.00, -0.00, 37.01, -22.61, -7.69, -0.00, -0.00, -0.00
0.00, -199.00, 0.00, 0.00, 0.00, 0.00, 14.38, 3.92, 64.97, -4.71, -38.23, 0.00, 0.10, 0.01, 38.67, -22.83, -9.90, -0.00, -0.00, -0.00, 37.08, -22.64, -7.78, 0.00, -0.00, -0.00
0.00, -198.00, 0.00, 0.00, 0.00, 0.00, 14.50, 3.92, 64.82, -5.13, -39.11, 0.00, 0.10, 0.01, 38.56, -23.29, -10.87, -0.00, -0.01, -0.00, 37.12, -22.81, -7.92, 0.00, -0.00, -0.00
0.00, -197.00, 0.00, 0.00, 0.00, 0.00, 14.38, 3.92, 64.05, -5.09, -40.49, 0.00, 0.10, 0.01, 37.80, -23.27, -12.29, -0.00, -0.01, -0.00, 37.09, -22.89, -8.16, -0.00, -0.01, 0.00
0.00, -196.00, 0.00, 0.00, 0.00, 0.00, 14.38, 3.92, 64.50, -4.56, -39.77, -0.00, 0.10, 0.01, 38.27, -22.77, -11.65, 0.00, -0.01, -0.00, 37.13, -22.79, -8.34, 0.01, -0.01, 0.00
0.00, -195.00, 0.00, 0.00, 0.00, 0.00, 14.38, 3.92, 65.45, -4.62, -39.30, 0.00, 0.10, 0.01, 39.24, -22.86, -11.25, -0.00, -0.00, -0.00, 37.22, -22.74, -8.47, 0.00, -0.00, 0.00
0.00, -194.00, 0.00, 0.00, 0.00, 0.00, 14.25, 3.92, 65.78, -4.85, -38.72, 0.00, 0.10, 0.01, 39.59, -23.11, -10.71, -0.00, 0.00, -0.00, 37.33, -22.81, -8.54, -0.00, 0.00, 0.00
0.00, -193.00, 0.00, 0.00, 0.00, 0.00, 14.38, 3.93, 65.57, -4.21, -38.57, 0.01, 0.10, 0.01, 39.40, -22.49, -10.64, -0.01, -0.00, -0.00, 37.44, -22.65, -8.62, -0.00, -0.00, 0.00
0.00, -192.00, 0.00, 0.00, 0.00, 0.00, 14.13, 3.93, 64.67, -4.72, -39.97, -0.00, 0.10, 0.01, 38.51, -23.01, -12.06, 0.00, -0.00, -0.00, 37.46, -22.71, -8.80, 0.00, -0.00, 0.00
0.00, -191.00, 0.00, 0.00, 0.00, 0.00, 14.63, 3.93, 64.53, -4.78, -39.39, 0.00, 0.11, 0.01, 38.42, -23.14, -11.65, -0.00, 0.00, 0.00, 37.47, -22.81, -8.94, -0.00, 0.00, 0.00
0.00, -190.00, 0.00, 0.00, 0.00, 0.00, 14.25, 3.93, 63.91, -5.20, -39.75, -0.00, 0.10, 0.01, 37.80, -23.56, -12.01, 0.00, -0.01, -0.00, 37.44, -23.02, -9.10, 0.00, -0.01, -0.00
0.00, -189.00, 0.00, 0.00, 0.00, 0.00, 14.13, 3.93, 63.72, -5.09, -39.42, -0.00, 0.10, 0.01, 37.63, -23.46, -11.72, 0.00, -0.00, -0.00, 37.40, -23.14, -9.25, 0.00, -0.00, -0.00
0.00, -188.00, 0.00, 0.00, 0.00, 0.00, 14.50, 3.93, 63.83, -4.66, -39.40, -0.00, 0.10, 0.01, 37.77, -23.09, -11.85, 0.00, -0.01, 0.00, 37.40, -23.08, -9.39, 0.00, -0.01, 0.00
0.00, -187.00, 0.00, 0.00, 0.00, 0.00, 14.38, 3.93, 64.26, -4.36, -39.33, -0.00, 0.10, 0.01, 38.23, -22.81, -11.83, 0.00, -0.01, -0.00, 37.43, -22.94, -9.52, 0.00, -0.01, -0.00
0.00, -186.00, 0.00, 0.00, 0.00, 0.00, 14.63, 3.93, 65.73, -4.95, -38.86, 0.00, 0.10, 0.00, 39.73, -23.45, -11.48, -0.00, -0.00, -0.01, 37.53, -23.06, -9.58, -0.00, -0.00, -0.00
0.00, -185.00, 0.00, 0.00, 0.00, 0.00, 14.25, 3.93, 65.77, -4.62, -38.64, 0.00, 0.10, 0.01, 39.77, -23.12, -11.25, -0.00, -0.00, -0.00, 37.65, -23.03, -9.63, -0.00, -0.00, 0.00
0.00, -184.00, 0.00, 0.00, 0.00, 0.00, 14.50, 3.93, 64.95, -4.57, -39.18, 0.00, 0.10, 0.01, 38.99, -23.12, -11.92, -0.00, -0.01, -0.00, 37.70, -23.01, -9.73, -0.00, -0.01, 0.00
0.00, -183.00, 0.00, 0.00, 0.00, 0.00, 14.13, 3.93, 64.41, -4.84, -39.65, 0.00, 0.10, 0.01, 38.44, -23.38, -12.38, -0.00, -0.00, -0.00, 37.71, -23.09, -9.87, -0.00, -0.00, 0.00
0.00, -182.00, 0.00, 0.00, 0.00, 0.00, 14.63, 3.93, 63.97, -4.97, -39.45, 0.01, 0.10, 0.01, 38.04, -23.55, -12.28, -0.01, -0.00, -0.00, 37.68, -23.21, -10.00, -0.00, -0.00, 0.00
0.00, -181.00, 0.00, 0.00, 0.00, 0.00, 14.38, 3.93, 63.81, -4.75, -39.54, 0.00, 0.11, 0.01, 37.91, -23.37, -12.46, -0.00, 0.00, 0.00, 37.66, -23.23, -10.14, -0.00, 0.00, 0.00
0.00, -180.00, 0.00, 0.00, 0.00, 0.00, 14.75, 3.93, 63.08, -3.92, -39.97, 0.00, 0.10, 0.01, 37.22, -22.59, -13.04, -0.00, -0.01, -0.00, 37.62, -22.96, -10.33, -0.00, -0.01, -0.00
0.00, -179.00, 0.00, 0.00, 0.00, 0.00, 14.50, 3.93, 63.43, -4.75, -38.99, 0.00, 0.10, 0.01, 37.56, -23.42, -12.04, -0.00, -0.00, -0.00, 37.58, -23.10, -10.43, -0.00, -0.00, -0.00
0.00, -178.00, 0.00, 0.00, 0.00, 0.00, 14.38, 3.93, 64.12, -4.30, -39.32, -0.00, 0.10, 0.01, 38.27, -23.00, -12.43, 0.00, -0.00, -0.00, 37.60, -23.02, -10.54, 0.00, -0.00, -0.00
0.00, -177.00, 0.00, 0.00, 0.00, 0.00, 14.25, 3.93, 64.63, -4.46, -38.69, -0.00, 0.10, 0.01, 38.79, -23.18, -11.85, 0.00, 0.00, 0.00, 37.66, -23.04, -10.58, 0.00, 0.00, 0.00
0.00, -176.00, 0.00, 0.00, 0.00, 0.00, 14.75, 3.93, 65.29, -4.33, -37.27, 0.00, 0.10, 0.01, 39.51, -23.11, -10.60, -0.00, -0.00, -0.00, 37.77, -23.04, -10.54, -0.00, -0.00, -0.00
0.00, -175.00, 0.00, 0.00, 0.00, 0.00, 14.50, 3.93, 64.60, -4.63, -38.54, 0.00, 0.10, 0.01, 38.82, -23.43, -11.89, -0.00, -0.01, -0.00, 37.81, -23.15, -10.59, -0.00, -0.01, -0.00
0.00, -174.00, 0.00, 0.00, 0.00, 0.00, 14.25, 3.93, 64.62, -4.55, -38.28, -0.00, 0.11, 0.01, 38.84, -23.35, -11.65, 0.00, 0.00, -0.00, 37.85, -23.19, -10.63, 0.00, 0.00, -0.00
0.00, -173.00, 0.00, 0.00, 0.00, 0.00, 14.38, 3.93, 63.24, -4.46, -38.40, 0.00, 0.10, 0.01, 37.50, -23.30, -11.86, -0.00, -0.00, -0.00, 37.81, -23.21, -10.70, -0.00, -0.00, -0.00
0.00, -172.00, 0.00, 0.00, 0.00, 0.00, 14.38, 3.93, 63.04, -4.34, -39.02, -0.00, 0.10, 0.01, 37.32, -23.21, -12.56, 0.00, -0.00, -0.00, 37.76, -23.19, -10.83, 0.00, -0.00, -0.00
0.00, -171.00, 0.00, 0.00, 0.00, 0.00, 14.25, 3.93, 62.69, -4.68, -39.40, 0.01, 0.10, 0.01, 36.98, -23.57, -12.98, -0.01, 0.00, -0.00, 37.67, -23.30, -10.97, -0.01, 0.00, -0.00
0.00, -170.00, 0.00, 0.00, 0.00, 0.00, 14.38, 3.93, 62.22, -4.47, -38.88, 0.00, 0.10, 0.01, 36.54, -23.40, -12.55, -0.00, -0.00, -0.00, 37.58, -23.32, -11.09, -0.00, -0.00, -0.00
0.00, -169.00, 0.00, 0.00, 0.00, 0.00, 14.13, 3.93, 62.93, -4.74, -38.82, 0.00, 0.10, 0.01, 37.26, -23.68, -12.51, -0.00, -0.01, -0.00, 37.53, -23.43, -11.17, -0.00, -0.01, -0.00
0.00, -168.00, 0.00, 0.00, 0.00, 0.00, 14.63, 3.93, 64.31, -4.40, -38.48, 0.00, 0.10, 0.01, 38.69, -23.41, -12.35, -0.00, -0.00, 0.00, 37.59, -23.39, -11.22, -0.00, -0.00, 0.00
0.00, -167.00, 0.00, 0.00, 0.00, 0.00, 14.25, 3.93, 64.86, -4.21, -38.32, 0.00, 0.11, 0.01, 39.24, -23.22, -12.18, -0.00, 0.00, 0.00, 37.69, -23.29, -11.24, -0.00, 0.00, 0.00
0.00, -166.00, 0.00, 0.00, 0.00, 0.00, 14.63, 3.94, 63.88, -4.74, -37.85, 0.00, 0.10, 0.01, 38.31, -23.80, -11.85, -0.00, -0.00, -0.00, 37.71, -23.45, -11.25, -0.00, -0.00, 0.00
0.00, -165.00, 0.00, 0.00, 0.00, 0.00, 14.25, 3.94, 64.02, -4.06, -37.65, -0.00, 0.10, 0.01, 38.43, -23.13, -11.64, 0.00, -0.00, -0.00, 37.76, -23.32, -11.27, 0.00, -0.00, 0.00
0.00, -164.00, 0.00, 0.00, 0.00, 0.00, 14.38, 3.94, 63.04, -4.53, -38.15, 0.00, 0.11, 0.01, 37.48, -23.63, -12.23, -0.00, 0.00, -0.00, 37.72, -23.42, -11.32, -0.00, 0.00, -0.00
0.00, -163.00, 0.00, 0.00, 0.00, 0.00, 14.13, 3.94, 62.67, -4.53, -38.69, -0.00, 0.10, 0.01, 37.14, -23.66, -12.84, 0.00, -0.00, -0.00, 37.66, -23.49, -11.42, 0.00, -0.00, -0.00
0.00, -162.00, 0.00, 0.00, 0.00, 0.00, 13.88, 3.94, 62.17, -4.62, -39.42, 0.00, 0.10, 0.01, 36.66, -23.78, -13.64, -0.00, -0.00, -0.00, 37.56, -23.56, -11.58, -0.00, -0.00, -0.00
0.00, -161.00, 0.00, 0.00, 0.00, 0.00, 14.50, 3.94, 61.90, -4.69, -39.42, 0.00, 0.10, 0.01, 36.42, -23.90, -13.76, -0.00, -0.00, 0.00, 37.44, -23.66, -11.73, -0.01, -0.00, 0.00
0.00, -160.00, 0.00, 0.00, 0.00, 0.00, 14.13, 3.94, 62.32, -5.00, -39.13, -0.00, 0.10, 0.01, 36.84, -24.20, -13.44, 0.00, -0.00, -0.00, 37.37, -23.83, -11.84, 0.00, -0.00, -0.00
0.00, -159.00, 0.00, 0.00, 0.00, 0.00, 14.13, 3.94, 63.05, -4.75, -39.23, -0.00, 0.10, 0.01, 37.59, -23.98, -13.61, 0.00, -0.00, -0.00, 37.36, -23.85, -11.93, 0.00, -0.00, -0.00
0.00, -158.00, 0.00, 0.00, 0.00, 0.00, 14.63, 3.94, 63.46, -4.44, -38.64, 0.00, 0.10, 0.01, 38.05, -23.74, -13.20, -0.00, -0.00, 0.00, 37.39, -23.78, -12.00, -0.00, -0.00, 0.00
0.00, -157.00, 0.00, 0.00, 0.00, 0.00, 14.25, 3.94, 63.55, -4.55, -38.19, 0.00, 0.10, 0.01, 38.14, -23.85, -12.74, -0.00, -0.00, -0.00, 37.42, -23.79, -12.02, -0.00, 0.00, -0.00
0.00, -156.00, 0.00, 0.00, 0.00, 0.00, 14.25, 3.94, 63.86, -4.72, -38.06, 0.00, 0.10, 0.01, 38.47, -24.05, -12.67, -0.00, -0.00, -0.00, 37.48, -23.86, -12.03, -0.00, -0.00, -0.00
0.00, -155.00, 0.00, 0.00, 0.00, 0.00, 14.38, 3.94, 63.45, -4.27, -38.06, -0.00, 0.10, 0.01, 38.09, -23.64, -12.77, 0.00, -0.00, -0.00, 37.51, -23.76, -12.07, 0.00, -0.00, -0.00
0.00, -154.00, 0.00, 0.00, 0.00, 0.00, 14.38, 3.94, 62.06, -4.95, -38.78, 0.00, 0.10, 0.01, 36.72, -24.36, -13.55, -0.00, -0.00, -0.00, 37.42, -23.96, -12.16, -0.00, -0.00, -0.00
0.00, -153.00, 0.00, 0.00, 0.00, 0.00, 14.25, 3.94, 61.75, -4.57, -38.47, 0.01, 0.10, 0.01, 36.43, -24.00, -13.29, -0.01, -0.01, -0.00, 37.34, -23.96, -12.26, -0.01, -0.01, -0.00
0.00, -152.00, 0.00, 0.00, 0.00, 0.00, 14.25, 3.94, 61.41, -5.28, -39.67, 0.00, 0.10, 0.01, 36.11, -24.72, -14.54, -0.00, -0.00, -0.00, 37.21, -24.20, -12.41, -0.00, -0.00, -0.00
0.00, -151.00, 0.00, 0.00, 0.00, 0.00, 14.63, 3.94, 61.36, -4.43, -39.04, 0.00, 0.11, 0.01, 36.10, -23.94, -14.08, -0.00, 0.00, -0.00, 37.12, -24.09, -12.55, -0.01, 0.00, -0.00
0.00, -150.00, 0.00, 0.00, 0.00, 0.00, 14.25, 3.94, 61.47, -4.09, -39.42, 0.00, 0.10, 0.01, 36.21, -23.61, -14.45, -0.00, -0.00, 0.00, 37.05, -23.90, -12.70, -0.00, -0.00, 0.00
0.00, -149.00, 0.00, 0.00, 0.00, 0.00, 14.13, 3.94, 63.11, -4.31, -38.91, 0.00, 0.11, 0.01, 37.86, -23.84, -13.97, -0.00, 0.00, -0.00, 37.09, -23.85, -12.76, -0.00, 0.00, 0.00
0.00, -148.00, 0.00, 0.00, 0.00, 0.00, 14.25, 3.94, 63.20, -4.55, -38.56, -0.00, 0.11, 0.01, 37.97, -24.12, -13.71, 0.00, 0.00, -0.00, 37.12, -23.92, -12.79, 0.00, 0.00, -0.00
0.00, -147.00, 0.00, 0.00, 0.00, 0.00, 14.50, 3.94, 63.46, -3.89, -38.18, 0.00, 0.10, 0.01, 38.28, -23.51, -13.45, -0.00, -0.00, -0.00, 37.20, -23.75, -12.80, -0.00, -0.00, -0.00
0.00, -146.00, 0.00, 0.00, 0.00, 0.00, 14.25, 3.94, 63.68, -4.00, -38.02, 0.00, 0.10, 0.01, 38.50, -23.64, -13.31, -0.00, -0.00, -0.00, 37.28, -23.68, -12.81, 0.00, -0.00, -0.00
0.00, -145.00, 0.00, 0.00, 0.00, 0.00, 14.00, 3.94, 62.60, -4.63, -38.91, 0.00, 0.10, 0.01, 37.42, -24.28, -14.22, -0.00, -0.00, -0.00, 37.26, -23.87, -12.87, -0.00, -0.00, 0.00
0.00, -144.00, 0.00, 0.00, 0.00, 0.00, 14.13, 3.94, 62.55, -4.44, -37.93, 0.00, 0.10, 0.01, 37.42, -24.14, -13.36, -0.00, -0.00, -0.00, 37.25, -23.95, -12.89, -0.00, -0.00, -0.00
0.00, -143.00, 0.00, 0.00, 0.00, 0.00, 14.38, 3.94, 61.43, -4.46, -38.98, 0.00, 0.10, 0.01, 36.33, -24.20, -14.53, -0.00, -0.00, -0.00, 37.16, -24.02, -13.01, -0.00, -0.00, -0.00
0.00, -142.00, 0.00, 0.00, 0.00, 0.00, 14.25, 3.94, 60.77, -4.00, -39.11, 0.00, 0.10, 0.01, 35.68, -23.76, -14.68, -0.00, -0.01, -0.00, 37.05, -23.92, -13.16, -0.00, -0.01, -0.00
0.00, -141.00, 0.00, 0.00, 0.00, 0.00, 14.25, 3.94, 60.95, -4.68, -39.16, 0.00, 0.10, 0.01, 35.87, -24.47, -14.79, -0.00, -0.00, 0.00, 36.93, -24.09, -13.28, -0.00, -0.00, -0.00
0.00, -140.00, 0.00, 0.00, 0.00, 0.00, 14.38, 3.94, 61.58, -4.33, -38.88, 0.00, 0.10, 0.01, 36.53, -24.16, -14.61, -0.00, 0.00, 0.00, 36.89, -24.10, -13.37, -0.00, 0.00, 0.00
0.00, -139.00, 0.00, 0.00, 0.00, 0.00, 14.13, 3.94, 61.50, -4.21, -38.31, 0.01, 0.10, 0.01, 36.46, -24.05, -14.06, -0.01, -0.00, -0.00, 36.85, -24.07, -13.42, -0.01, -0.00, -0.00
0.00, -138.00, 0.00, 0.00, 0.00, 0.00, 14.50, 3.94, 62.35, -4.37, -38.48, 0.00, 0.10, 0.01, 37.36, -24.27, -14.38, -0.00, -0.00, 0.00, 36.87, -24.12, -13.46, -0.00, -0.00, 0.00
0.00, -137.00, 0.00, 0.00, 0.00, 0.00, 14.25, 3.94, 62.54, -4.02, -38.37, 0.00, 0.10, 0.01, 37.55, -23.93, -14.28, -0.00, -0.00, -0.00, 36.90, -24.03, -13.50, 0.00, -0.00, -0.00
0.00, -136.00, 0.00, 0.00, 0.00, 0.00, 14.13, 3.94, 63.36, -4.15, -38.34, 0.00, 0.10, 0.01, 38.38, -24.09, -14.29, -0.00, -0.00, -0.00, 36.99, -24.02, -13.51, -0.00, -0.00, -0.00
0.00, -135.00, 0.00, 0.00, 0.00, 0.00, 14.25, 3.95, 62.69, -4.49, -39.11, 0.00, 0.10, 0.01, 37.74, -24.46, -15.15, -0.00, -0.00, -0.00, 37.00, -24.14, -13.58, -0.00, -0.00, 0.00
0.00, -134.00, 0.00, 0.00, 0.00, 0.00, 14.38, 3.94, 62.03, -4.95, -39.30, 0.00, 0.10, 0.01, 37.11, -24.97, -15.45, -0.00, 0.00, -0.00, 36.96, -24.40, -13.67, -0.00, 0.00, -0.00
0.00, -133.00, 0.00, 0.00, 0.00, 0.00, 14.25, 3.94, 60.83, -4.56, -39.61, 0.01, 0.10, 0.01, 35.93, -24.60, -15.80, -0.01, -0.00, -0.00, 36.86, -24.44, -13.82, -0.01, -0.00, -0.00
0.00, -132.00, 0.00, 0.00, 0.00, 0.00, 14.38, 3.95, 60.84, -4.19, -39.40, 0.00, 0.10, 0.01, 35.97, -24.27, -15.67, -0.00, -0.01, -0.00, 36.77, -24.36, -13.97, -0.00, -0.01, -0.00
0.00, -131.00, 0.00, 0.00, 0.00, 0.00, 13.88, 3.94, 60.26, -4.82, -39.94, 0.00, 0.10, 0.01, 35.37, -24.90, -16.19, -0.00, -0.00, -0.00, 36.63, -24.52, -14.13, -0.00, -0.00, -0.00
0.00, -130.00, 0.00, 0.00, 0.00, 0.00, 14.50, 3.95, 60.13, -4.49, -38.98, 0.01, 0.10, 0.01, 35.30, -24.64, -15.41, -0.01, -0.00, -0.00, 36.52, -24.55, -14.24, -0.01, -0.00, -0.00
0.00, -129.00, 0.00, 0.00, 0.00, 0.00, 14.38, 3.95, 60.77, -4.25, -39.52, -0.00, 0.10, 0.01, 35.96, -24.43, -16.00, 0.00, -0.00, -0.00, 36.46, -24.48, -14.37, 0.00, -0.00, -0.00
0.00, -128.00, 0.00, 0.00, 0.00, 0.00, 14.13, 3.95, 62.09, -4.38, -38.91, 0.00, 0.10, 0.01, 37.28, -24.57, -15.40, -0.00, -0.01, -0.00, 36.50, -24.48, -14.41, -0.00, -0.01, -0.00
0.00, -127.00, 0.00, 0.00, 0.00, 0.00, 14.25, 3.95, 62.04, -3.96, -38.63, 0.01, 0.10, 0.01, 37.26, -24.19, -15.22, -0.01, 0.00, -0.00, 36.55, -24.36, -14.44, -0.01, 0.00, -0.00
0.00, -126.00, 0.00, 0.00, 0.00, 0.00, 14.25, 3.95, 62.13, -4.43, -38.99, 0.00, 0.10, 0.01, 37.36, -24.67, -15.60, -0.00, -0.00, -0.00, 36.58, -24.44, -14.48, -0.00, 0.00, -0.00
0.00, -125.00, 0.00, 0.00, 0.00, 0.00, 14.13, 3.95, 62.36, -3.61, -38.85, 0.00, 0.10, 0.01, 37.62, -23.89, -15.54, -0.00, -0.00, -0.00, 36.65, -24.21, -14.53, 0.00, -0.00, 0.00
0.00, -124.00, 0.00, 0.00, 0.00, 0.00, 14.25, 3.95, 60.74, -3.80, -39.56, 0.01, 0.10, 0.01, 36.03, -24.13, -16.35, -0.01, -0.00, -0.00, 36.58, -24.15, -14.67, -0.01, -0.00, -0.00
0.00, -123.00, 0.00, 0.00, 0.00, 0.00, 14.38, 3.95, 61.15, -4.03, -38.83, 0.00, 0.11, 0.01, 36.46, -24.40, -15.72, -0.00, 0.00, -0.00, 36.55, -24.22, -14.73, -0.00, 0.00, -0.00
0.00, -122.00, 0.00, 0.00, 0.00, 0.00, 14.00, 3.95, 59.84, -4.15, -39.61, 0.00, 0.10, 0.01, 35.15, -24.52, -16.48, -0.00, 0.00, 0.00, 36.42, -24.31, -14.86, -0.00, 0.00, 0.00
0.00, -121.00, 0.00, 0.00, 0.00, 0.00, 14.38, 3.95, 59.94, -4.17, -39.11, 0.00, 0.10, 0.01, 35.29, -24.59, -16.12, -0.00, -0.00, -0.00, 36.32, -24.40, -14.96, -0.00, -0.00, -0.00
0.00, -120.00, 0.00, 0.00, 0.00, 0.00, 14.13, 3.95, 60.00, -3.99, -39.36, -0.00, 0.10, 0.01, 35.36, -24.44, -16.40, 0.00, -0.00, -0.00, 36.23, -24.39, -15.08, -0.00, -0.00, -0.00
0.00, -119.00, 0.00, 0.00, 0.00, 0.00, 14.50, 3.95, 61.36, -3.84, -38.45, 0.00, 0.10, 0.01, 36.76, -24.35, -15.63, -0.00, -0.00, -0.00, 36.26, -24.36, -15.10, -0.00, -0.00, -0.00
0.00, -118.00, 0.00, 0.00, 0.00, 0.00, 14.13, 3.95, 61.28, -4.06, -38.10, 0.00, 0.11, 0.01, 36.69, -24.58, -15.27, -0.00, 0.00, -0.00, 36.28, -24.43, -15.09, -0.00, 0.00, -0.00
0.00, -117.00, 0.00, 0.00, 0.00, 0.00, 14.13, 3.95, 61.82, -3.99, -38.60, -0.00, 0.10, 0.01, 37.24, -24.53, -15.83, 0.00, -0.00, -0.00, 36.33, -24.44, -15.10, 0.00, -0.00, -0.00
0.00, -116.00, 0.00, 0.00, 0.00, 0.00, 14.38, 3.95, 61.40, -4.56, -38.64, 0.01, 0.10, 0.01, 36.86, -25.16, -16.00, -0.01, -0.00, -0.00, 36.34, -24.67, -15.12, -0.00, -0.00, -0.00
0.00, -115.00, 0.00, 0.00, 0.00, 0.00, 14.13, 3.95, 61.25, -4.52, -37.87, 0.01, 0.10, 0.01, 36.72, -25.12, -15.23, -0.01, -0.00, -0.00, 36.35, -24.82, -15.11, -0.01, -0.00, -0.00
0.00, -114.00, 0.00, 0.00, 0.00, 0.00, 14.25, 3.95, 59.94, -5.36, -39.02, 0.00, 0.10, 0.01, 35.43, -26.01, -16.48, -0.00, -0.00, -0.00, 36.23, -25.22, -15.19, -0.00, -0.00, -0.00
0.00, -113.00, 0.00, 0.00, 0.00, 0.00, 14.13, 3.95, 59.79, -4.72, -39.35, 0.00, 0.11, 0.01, 35.30, -25.39, -16.84, -0.00, 0.00, -0.00, 36.14, -25.26, -15.31, -0.00, 0.00, -0.00
0.00, -112.00, 0.00, 0.00, 0.00, 0.00, 14.50, 3.95, 58.81, -4.91, -39.07, 0.01, 0.10, 0.01, 34.36, -25.64, -16.71, -0.01, -0.01, -0.00, 35.98, -25.39, -15.44, -0.01, -0.01, -0.00
0.00, -111.00, 0.00, 0.00, 0.00, 0.00, 14.38, 3.95, 58.90, -4.34, -38.92, 0.00, 0.10, 0.01, 34.46, -25.10, -16.60, -0.00, -0.00, -0.00, 35.86, -25.28, -15.56, -0.00, -0.00, -0.00
0.00, -110.00, 0.00, 0.00, 0.00, 0.00, 14.25, 3.95, 59.68, -4.28, -38.76, 0.01, 0.11, 0.01, 35.25, -25.06, -16.49, -0.01, 0.00, -0.00, 35.81, -25.19, -15.65, -0.01, 0.00, -0.00
0.00, -109.00, 0.00, 0.00, 0.00, 0.00, 14.13, 3.95, 60.20, -4.18, -38.47, 0.00, 0.10, 0.01, 35.80, -24.99, -16.26, -0.00, -0.00, -0.00, 35.81, -25.11, -15.69, -0.00, -0.00, -0.00
0.00, -108.00, 0.00, 0.00, 0.00, 0.00, 14.00, 3.95, 60.65, -3.64, -38.63, 0.00, 0.10, 0.01, 36.27, -24.49, -16.49, -0.00, -0.00, -0.00, 35.85, -24.87, -15.74, -0.00, -0.00, -0.00
0.00, -107.00, 0.00, 0.00, 0.00, 0.00, 14.25, 3.95, 60.22, -4.21, -39.36, 0.01, 0.10, 0.01, 35.87, -25.11, -17.34, -0.01, -0.00, -0.00, 35.82, -24.92, -15.84, -0.01, -0.00, -0.00
0.00, -106.00, 0.00, 0.00, 0.00, 0.00, 14.38, 3.95, 60.86, -4.27, -38.37, 0.00, 0.10, 0.01, 36.53, -25.19, -16.38, -0.00, -0.01, -0.00, 35.85, -25.00, -15.84, -0.00, -0.01, -0.00
0.00, -105.00, 0.00, 0.00, 0.00, 0.00, 14.38, 3.95, 60.00, -4.66, -38.98, 0.00, 0.11, 0.01, 35.69, -25.62, -17.06, -0.00, 0.00, -0.00, 35.80, -25.19, -15.91, -0.00, 0.00, -0.00
0.00, -104.00, 0.00, 0.00, 0.00, 0.00, 14.38, 3.95, 58.51, -4.59, -40.16, 0.01, 0.10, 0.01, 34.22, -25.58, -18.32, -0.01, -0.00, -0.00, 35.64, -25.29, -16.09, -0.01, -0.00, -0.00
0.00, -103.00, 0.00, 0.00, 0.00, 0.00, 14.38, 3.95, 58.26, -4.24, -39.80, -0.00, 0.10, 0.01, 33.99, -25.26, -18.02, 0.00, -0.00, -0.00, 35.50, -25.26, -16.26, 0.00, -0.01, -0.00
0.00, -102.00, 0.00, 0.00, 0.00, 0.00, 14.50, 3.95, 57.79, -4.09, -39.70, 0.01, 0.11, 0.01, 33.55, -25.16, -18.01, -0.01, 0.00, -0.00, 35.33, -25.21, -16.42, -0.01, 0.00, -0.00
0.00, -101.00, 0.00, 0.00, 0.00, 0.00, 14.25, 3.95, 58.05, -4.38, -38.82, -0.00, 0.10, 0.01, 33.82, -25.47, -17.14, 0.00, -0.00, -0.00, 35.21, -25.30, -16.50, 0.00, -0.00, -0.00
0.00, -100.00, 0.00, 0.00, 0.00, 0.00, 14.13, 3.95, 59.53, -3.33, -39.18, 0.00, 0.10, 0.01, 35.31, -24.44, -17.55, -0.00, -0.01, -0.00, 35.22, -24.97, -16.59, -0.00, -0.01, -0.00
0.00, -99.00, 0.00, 0.00, 0.00, 0.00, 14.13, 3.95, 59.75, -3.58, -38.66, -0.00, 0.11, 0.01, 35.55, -24.72, -17.09, 0.00, 0.00, -0.00, 35.24, -24.87, -16.62, 0.00, 0.00, -0.00
0.00, -98.00, 0.00, 0.00, 0.00, 0.00, 14.38, 3.95, 60.27, -3.58, -38.31, 0.01, 0.10, 0.01, 36.11, -24.77, -16.86, -0.01, -0.01, -0.00, 35.30, -24.82, -16.61, -0.01, -0.01, -0.00
0.00, -97.00, 0.00, 0.00, 0.00, 0.00, 14.13, 3.95, 60.54, -3.74, -38.51, 0.00, 0.10, 0.01, 36.38, -24.94, -17.07, -0.00, -0.01, -0.00, 35.37, -24.84, -16.61, -0.00, -0.01, -0.00
0.00, -96.00, 0.00, 0.00, 0.00, 0.00, 14.25, 3.95, 60.51, -4.38, -38.56, 0.00, 0.10, 0.01, 36.38, -25.63, -17.20, -0.00, -0.00, 0.00, 35.41, -25.10, -16.59, -0.00, 0.00, 0.00
0.00, -95.00, 0.00, 0.00, 0.00, 0.00, 14.25, 3.95, 59.02, -4.69, -39.67, 0.00, 0.10, 0.01, 34.91, -25.97, -18.38, -0.00, -0.01, -0.00, 35.32, -25.38, -16.69, -0.00, -0.01, -0.00
0.00, -94.00, 0.00, 0.00, 0.00, 0.00, 14.25, 3.95, 58.55, -4.72, -38.34, 0.00, 0.10, 0.01, 34.46, -26.04, -17.12, -0.00, -0.01, -0.00, 35.23, -25.61, -16.72, -0.00, -0.01, -0.00
0.00, -93.00, 0.00, 0.00, 0.00, 0.00, 14.38, 3.95, 57.34, -4.12, -38.78, 0.00, 0.10, 0.01, 33.28, -25.48, -17.65, -0.00, -0.00, -0.00, 35.08, -25.56, -16.84, -0.00, -0.00, -0.00
0.00, -92.00, 0.00, 0.00, 0.00, 0.00, 14.00, 3.95, 58.21, -4.31, -39.33, 0.00, 0.10, 0.01, 34.15, -25.68, -18.19, -0.00, -0.00, -0.00, 34.99, -25.58, -16.95, -0.00, -0.00, -0.00
0.00, -91.00, 0.00, 0.00, 0.00, 0.00, 14.50, 3.95, 58.78, -4.56, -38.02, 0.00, 0.10, 0.01, 34.78, -26.00, -17.04, -0.00, -0.00, -0.00, 34.96, -25.73, -16.95, -0.00, -0.00, -0.00
0.00, -90.00, 0.00, 0.00, 0.00, 0.00, 14.13, 3.95, 59.75, -4.43, -38.00, 0.01, 0.10, 0.01, 35.74, -25.87, -17.02, -0.01, -0.00, -0.00, 35.01, -25.77, -16.92, -0.00, -0.00, -0.00
0.00, -89.00, 0.00, 0.00, 0.00, 0.00, 14.63, 3.95, 59.47, -3.90, -38.48, 0.00, 0.10, 0.01, 35.50, -25.40, -17.62, -0.00, -0.00, 0.00, 35.05, -25.62, -16.97, -0.00, -0.00, 0.00
0.00, -88.00, 0.00, 0.00, 0.00, 0.00, 14.50, 3.95, 60.44, -3.92, -37.91, 0.00, 0.10, 0.01, 36.47, -25.43, -17.06, -0.00, -0.00, -0.00, 35.15, -25.53, -16.94, 0.00, -0.00, -0.00
0.00, -87.00, 0.00, 0.00, 0.00, 0.00, 14.13, 3.95, 60.03, -4.18, -37.88, 0.00, 0.10, 0.01, 36.08, -25.73, -17.10, -0.00, -0.00, -0.00, 35.21, -25.59, -16.91, 0.00, -0.00, -0.00
0.00, -86.00, 0.00, 0.00, 0.00, 0.00, 14.00, 3.95, 58.52, -4.15, -39.67, -0.00, 0.10, 0.01, 34.58, -25.72, -18.92, 0.00, -0.00, -0.00, 35.13, -25.60, -17.05, 0.00, -0.00, -0.00
0.00, -85.00, 0.00, 0.00, 0.00, 0.00, 14.00, 3.95, 57.50, -4.57, -39.18, 0.00, 0.10, 0.01, 33.58, -26.18, -18.50, -0.00, -0.00, -0.00, 34.98, -25.79, -17.17, -0.00, -0.00, -0.00
0.00, -84.00, 0.00, 0.00, 0.00, 0.00, 14.38, 3.95, 57.97, -3.39, -38.92, 0.00, 0.10, 0.01, 34.10, -25.06, -18.38, -0.00, -0.00, -0.00, 34.91, -25.51, -17.29, -0.00, -0.00, -0.00
0.00, -83.00, 0.00, 0.00, 0.00, 0.00, 14.13, 3.95, 58.37, -4.24, -39.05, 0.00, 0.10, 0.01, 34.51, -25.92, -18.53, -0.00, -0.00, -0.00, 34.85, -25.64, -17.37, -0.00, -0.00, -0.00
0.00, -82.00, 0.00, 0.00, 0.00, 0.00, 14.25, 3.95, 58.05, -3.86, -38.83, 0.01, 0.10, 0.01, 34.22, -25.59, -18.40, -0.01, -0.00, -0.00, 34.79, -25.60, -17.45, -0.01, -0.00, -0.00
0.00, -81.00, 0.00, 0.00, 0.00, 0.00, 14.00, 3.95, 58.70, -3.98, -38.03, -0.00, 0.11, 0.01, 34.87, -25.72, -17.61, 0.00, 0.00, -0.00, 34.79, -25.64, -17.46, 0.00, 0.00, -0.00
0.00, -80.00, 0.00, 0.00, 0.00, 0.00, 14.25, 3.95, 58.65, -3.77, -37.97, 0.00, 0.10, 0.01, 34.86, -25.57, -17.67, -0.00, -0.00, -0.00, 34.80, -25.61, -17.47, -0.00, -0.00, -0.00
0.00, -79.00, 0.00, 0.00, 0.00, 0.00, 14.13, 3.95, 58.71, -4.24, -38.26, 0.01, 0.11, 0.01, 34.93, -26.06, -18.00, -0.01, 0.00, 0.00, 34.79, -25.76, -17.49, -0.01, 0.00, 0.00
0.00, -78.00, 0.00, 0.00, 0.00, 0.00, 14.13, 3.95, 58.78, -3.52, -38.03, 0.00, 0.10, 0.01, 35.02, -25.38, -17.83, -0.00, -0.00, -0.00, 34.81, -25.62, -17.51, -0.00, -0.00, 0.00
0.00, -77.00, 0.00, 0.00, 0.00, 0.00, 14.00, 3.95, 58.62, -4.21, -38.44, 0.00, 0.10, 0.01, 34.88, -26.10, -18.28, -0.00, -0.00, -0.00, 34.79, -25.77, -17.54, -0.00, -0.00, -0.00
0.00, -76.00, 0.00, 0.00, 0.00, 0.00, 14.38, 3.96, 57.13, -3.98, -38.42, 0.00, 0.10, 0.01, 33.43, -25.92, -18.40, -0.00, 0.00, 0.00, 34.67, -25.82, -17.63, -0.00, -0.00, 0.00
0.00, -75.00, 0.00, 0.00, 0.00, 0.00, 14.00, 3.96, 56.87, -4.53, -37.90, 0.00, 0.10, 0.01, 33.16, -26.48, -17.86, -0.00, -0.00, -0.00, 34.54, -26.06, -17.67, -0.00, -0.00, -0.00
0.00, -74.00, 0.00, 0.00, 0.00, 0.00, 14.13, 3.96, 56.97, -4.06, -39.08, 0.00, 0.10, 0.01, 33.29, -26.06, -19.13, -0.00, -0.00, -0.00, 34.42, -26.04, -17.80, -0.01, -0.00, -0.00
0.00, -73.00, 0.00, 0.00, 0.00, 0.00, 14.38, 3.96, 57.83, -3.58, -37.74, 0.00, 0.11, 0.01, 34.19, -25.63, -17.90, -0.00, 0.00, -0.00, 34.41, -25.90, -17.83, -0.00, 0.00, -0.00
0.00, -72.00, 0.00, 0.00, 0.00, 0.00, 14.38, 3.95, 57.86, -3.74, -38.37, 0.00, 0.11, 0.01, 34.25, -25.83, -18.60, -0.00, 0.00, -0.00, 34.39, -25.86, -17.88, -0.00, 0.00, -0.00
0.00, -71.00, 0.00, 0.00, 0.00, 0.00, 14.00, 3.96, 57.64, -3.46, -37.85, 0.00, 0.10, 0.01, 34.03, -25.57, -18.10, -0.00, -0.00, -0.00, 34.37, -25.75, -17.92, -0.00, -0.00, -0.00
0.00, -70.00, 0.00, 0.00, 0.00, 0.00, 14.38, 3.96, 57.91, -3.57, -37.61, 0.00, 0.10, 0.01, 34.34, -25.73, -17.99, -0.00, -0.00, 0.00, 34.37, -25.74, -17.93, -0.00, -0.00, 0.00
0.00, -69.00, 0.00, 0.00, 0.00, 0.00, 14.38, 3.96, 58.33, -3.70, -37.50, 0.00, 0.10, 0.01, 34.79, -25.91, -17.98, -0.00, -0.01, -0.00, 34.39, -25.80, -17.91, -0.00, -0.01, -0.00
0.00, -68.00, 0.00, 0.00, 0.00, 0.00, 14.13, 3.96, 58.59, -3.64, -37.99, 0.00, 0.10, 0.01, 35.04, -25.85, -18.42, -0.00, -0.01, -0.00, 34.43, -25.80, -17.92, -0.00, -0.01, -0.00
0.00, -67.00, 0.00, 0.00, 0.00, 0.00, 14.63, 3.96, 56.91, -3.83, -38.50, 0.00, 0.10, 0.01, 33.42, -26.11, -19.10, -0.00, 0.00, -0.00, 34.33, -25.89, -18.02, -0.00, -0.00, -0.00
0.00, -66.00, 0.00, 0.00, 0.00, 0.00, 14.38, 3.96, 56.75, -3.92, -39.30, 0.00, 0.10, 0.01, 33.26, -26.22, -19.92, -0.00, -0.00, 0.00, 34.21, -25.98, -18.16, -0.01, -0.00, 0.00
0.00, -65.00, 0.00, 0.00, 0.00, 0.00, 14.75, 3.96, 56.59, -3.89, -38.64, -0.00, 0.10, 0.01, 33.14, -26.25, -19.40, 0.00, -0.00, -0.00, 34.10, -26.06, -18.26, -0.00, -0.00, -0.00
0.00, -64.00, 0.00, 0.00, 0.00, 0.00, 14.13, 3.96, 57.09, -3.39, -38.10, 0.00, 0.10, 0.01, 33.62, -25.74, -18.79, -0.00, -0.00, -0.00, 34.06, -25.94, -18.32, -0.00, -0.00, -0.00
0.00, -63.00, 0.00, 0.00, 0.00, 0.00, 14.13, 3.96, 57.06, -3.58, -38.37, 0.00, 0.11, 0.01, 33.61, -25.97, -19.12, -0.00, 0.00, 0.00, 34.02, -25.94, -18.38, -0.00, 0.00, 0.00
0.00, -62.00, 0.00, 0.00, 0.00, 0.00, 14.63, 3.96, 58.10, -3.43, -37.20, 0.00, 0.10, 0.01, 34.71, -25.89, -18.12, -0.00, -0.00, -0.00, 34.07, -25.92, -18.34, -0.00, -0.00, -0.00
0.00, -61.00, 0.00, 0.00, 0.00, 0.00, 14.38, 3.96, 58.17, -4.08, -38.09, 0.00, 0.10, 0.01, 34.78, -26.56, -19.02, -0.00, -0.00, -0.00, 34.10, -26.12, -18.34, 0.00, -0.00, -0.00
0.00, -60.00, 0.00, 0.00, 0.00, 0.00, 14.38, 3.96, 58.24, -3.87, -38.31, 0.00, 0.10, 0.01, 34.88, -26.39, -19.30, -0.00, -0.00, -0.00, 34.13, -26.19, -18.37, -0.00, -0.00, -0.00
0.00, -59.00, 0.00, 0.00, 0.00, 0.00, 14.00, 3.96, 56.90, -3.92, -38.21, 0.00, 0.10, 0.01, 33.53, -26.44, -19.18, -0.00, -0.01, -0.00, 34.07, -26.26, -18.43, -0.00, -0.01, -0.00
0.00, -58.00, 0.00, 0.00, 0.00, 0.00, 14.13, 3.96, 56.55, -4.02, -38.51, 0.00, 0.10, 0.01, 33.21, -26.59, -19.58, -0.00, -0.00, -0.00, 33.98, -26.36, -18.52, -0.00, -0.00, -0.00
0.00, -57.00, 0.00, 0.00, 0.00, 0.00, 14.38, 3.96, 55.93, -4.15, -38.50, 0.00, 0.10, 0.01, 32.63, -26.77, -19.68, -0.00, -0.00, -0.00, 33.84, -26.49, -18.62, -0.00, -0.00, -0.00
0.00, -56.00, 0.00, 0.00, 0.00, 0.00, 14.38, 3.96, 55.93, -3.74, -38.40, 0.00, 0.11, 0.01, 32.65, -26.40, -19.64, -0.00, 0.00, -0.00, 33.74, -26.45, -18.72, -0.00, 0.00, -0.00
0.00, -55.00, 0.00, 0.00, 0.00, 0.00, 14.13, 3.96, 56.69, -3.46, -38.28, 0.00, 0.10, 0.01, 33.42, -26.14, -19.53, -0.00, -0.00, -0.00, 33.71, -26.32, -18.79, -0.00, -0.00, -0.00
0.00, -54.00, 0.00, 0.00, 0.00, 0.00, 14.25, 3.96, 56.85, -3.43, -37.31, 0.00, 0.10, 0.01, 33.61, -26.16, -18.66, -0.00, -0.00, -0.00, 33.71, -26.27, -18.80, -0.00, -0.00, -0.00
0.00, -53.00, 0.00, 0.00, 0.00, 0.00, 14.13, 3.96, 57.32, -3.43, -37.43, 0.00, 0.10, 0.01, 34.09, -26.18, -18.81, -0.00, -0.00, -0.00, 33.74, -26.23, -18.79, -0.00, -0.00, -0.00
0.00, -52.00, 0.00, 0.00, 0.00, 0.00, 14.38, 3.96, 57.56, -3.58, -38.76, 0.00, 0.10, 0.01, 34.35, -26.38, -20.23, -0.00, -0.00, -0.00, 33.76, -26.25, -18.86, -0.00, -0.00, -0.00
0.00, -51.00, 0.00, 0.00, 0.00, 0.00, 14.38, 3.96, 57.47, -3.89, -37.85, 0.00, 0.10, 0.01, 34.32, -26.75, -19.49, -0.00, -0.00, -0.00, 33.78, -26.41, -18.86, -0.00, -0.00, -0.00
0.00, -50.00, 0.00, 0.00, 0.00, 0.00, 14.38, 3.96, 57.31, -3.36, -38.00, 0.00, 0.10, 0.01, 34.15, -26.24, -19.62, -0.00, 0.00, -0.00, 33.80, -26.33, -18.90, -0.00, 0.00, -0.00
0.00, -49.00, 0.00, 0.00, 0.00, 0.00, 14.38, 3.96, 56.96, -3.08, -37.72, 0.00, 0.10, 0.01, 33.82, -26.00, -19.40, -0.00, -0.00, -0.00, 33.80, -26.20, -18.94, -0.00, -0.00, -0.00
0.00, -48.00, 0.00, 0.00, 0.00, 0.00, 14.00, 3.96, 55.99, -3.74, -38.54, -0.00, 0.10, 0.00, 32.85, -26.66, -20.21, 0.00, -0.00, -0.01, 33.69, -26.34, -19.04, 0.00, -0.00, -0.01
0.00, -47.00, 0.00, 0.00, 0.00, 0.00, 14.50, 3.96, 55.93, -3.87, -37.40, 0.00, 0.10, 0.01, 32.85, -26.87, -19.23, -0.00, -0.00, -0.00, 33.61, -26.53, -19.05, -0.00, -0.00, -0.00
0.00, -46.00, 0.00, 0.00, 0.00, 0.00, 14.75, 3.96, 56.36, -3.16, -38.22, -0.00, 0.10, 0.01, 33.31, -26.21, -20.16, 0.00, -0.00, -0.00, 33.58, -26.39, -19.15, 0.00, -0.00, -0.00
0.00, -45.00, 0.00, 0.00, 0.00, 0.00, 14.25, 3.96, 56.37, -3.80, -38.15, 0.00, 0.10, 0.01, 33.31, -26.85, -20.05, -0.00, 0.00, 0.00, 33.53, -26.54, -19.19, -0.00, 0.00, 0.00
0.00, -44.00, 0.00, 0.00, 0.00, 0.00, 14.13, 3.96, 56.88, -3.61, -37.90, 0.00, 0.10, 0.01, 33.84, -26.69, -19.84, -0.00, -0.00, -0.00, 33.54, -26.57, -19.22, -0.00, -0.00, -0.00
0.00, -43.00, 0.00, 0.00, 0.00, 0.00, 14.13, 3.96, 57.22, -3.81, -37.04, 0.00, 0.10, 0.01, 34.19, -26.93, -19.03, -0.00, -0.00, 0.00, 33.58, -26.69, -19.18, -0.00, -0.00, 0.00
0.00, -42.00, 0.00, 0.00, 0.00, 0.00, 14.38, 3.96, 56.78, -3.67, -36.95, 0.00, 0.10, 0.01, 33.79, -26.84, -19.06, -0.00, -0.00, -0.00, 33.60, -26.75, -19.16, -0.00, -0.00, -0.00
0.00, -41.00, 0.00, 0.00, 0.00, 0.00, 14.25, 3.96, 57.22, -3.42, -38.31, 0.01, 0.10, 0.01, 34.24, -26.62, -20.46, -0.01, -0.00, -0.00, 33.63, -26.66, -19.23, -0.01, -0.00, -0.00
0.00, -40.00, 0.00, 0.00, 0.00, 0.00, 14.25, 3.96, 55.67, -3.61, -38.63, 0.01, 0.09, 0.01, 32.72, -26.84, -20.83, -0.01, -0.01, 0.00, 33.52, -26.70, -19.35, -0.01, -0.01, -0.00
0.00, -39.00, 0.00, 0.00, 0.00, 0.00, 14.38, 3.96, 55.01, -3.20, -38.34, 0.00, 0.10, 0.01, 32.09, -26.48, -20.63, -0.00, -0.01, -0.00, 33.40, -26.60, -19.49, -0.00, -0.01, -0.00
0.00, -38.00, 0.00, 0.00, 0.00, 0.00, 14.25, 3.96, 55.54, -3.17, -38.54, -0.00, 0.10, 0.01, 32.63, -26.48, -20.87, 0.00, -0.00, -0.00, 33.32, -26.53, -19.60, 0.00, -0.00, -0.00
0.00, -37.00, 0.00, 0.00, 0.00, 0.00, 14.38, 3.96, 56.08, -2.86, -37.61, 0.00, 0.10, 0.01, 33.20, -26.22, -20.02, -0.00, -0.00, 0.00, 33.31, -26.41, -19.64, -0.00, -0.00, 0.00
0.00, -36.00, 0.00, 0.00, 0.00, 0.00, 14.13, 3.96, 55.77, -3.55, -37.84, 0.00, 0.10, 0.01, 32.89, -26.92, -20.26, -0.00, -0.00, 0.00, 33.25, -26.58, -19.68, -0.00, -0.00, 0.00
0.00, -35.00, 0.00, 0.00, 0.00, 0.00, 14.00, 3.96, 56.02, -3.17, -38.22, 0.00, 0.10, 0.01, 33.18, -26.60, -20.76, -0.00, -0.00, -0.00, 33.23, -26.56, -19.75, -0.00, -0.00, -0.00
0.00, -34.00, 0.00, 0.00, 0.00, 0.00, 14.25, 3.96, 56.05, -3.57, -38.03, 0.00, 0.10, 0.01, 33.24, -27.04, -20.65, -0.00, -0.00, -0.00, 33.20, -26.71, -19.79, -0.00, -0.00, -0.00
0.00, -33.00, 0.00, 0.00, 0.00, 0.00, 14.00, 3.96, 56.27, -3.08, -38.02, 0.00, 0.10, 0.01, 33.48, -26.59, -20.70, -0.00, -0.00, 0.00, 33.21, -26.65, -19.84, -0.00, -0.00, 0.00
0.00, -32.00, 0.00, 0.00, 0.00, 0.00, 14.38, 3.96, 55.92, -3.51, -38.35, 0.00, 0.10, 0.01, 33.14, -27.05, -21.07, -0.00, -0.01, -0.00, 33.17, -26.76, -19.90, -0.00, -0.01, -0.00
0.00, -31.00, 0.00, 0.00, 0.00, 0.00, 14.25, 3.96, 54.72, -3.29, -37.36, 0.01, 0.10, 0.01, 31.95, -26.85, -20.11, -0.01, -0.00, -0.00, 33.07, -26.80, -19.95, -0.01, -0.00, -0.00
0.00, -30.00, 0.00, 0.00, 0.00, 0.00, 14.13, 3.96, 55.06, -3.45, -37.87, 0.00, 0.10, 0.01, 32.30, -27.04, -20.66, -0.00, -0.01, -0.00, 32.99, -26.88, -20.01, -0.00, -0.01, -0.00
0.00, -29.00, 0.00, 0.00, 0.00, 0.00, 14.50, 3.96, 54.84, -3.32, -38.42, -0.00, 0.10, 0.01, 32.13, -26.98, -21.35, 0.00, -0.00, -0.00, 32.90, -26.89, -20.12, 0.00, -0.00, -0.00
0.00, -28.00, 0.00, 0.00, 0.00, 0.00, 14.00, 3.96, 55.31, -3.10, -37.31, 0.00, 0.10, 0.01, 32.59, -26.76, -20.19, -0.00, 0.00, -0.00, 32.88, -26.84, -20.14, -0.00, 0.00, -0.00
0.00, -27.00, 0.00, 0.00, 0.00, 0.00, 14.13, 3.96, 55.47, -2.89, -38.32, 0.00, 0.10, 0.01, 32.78, -26.60, -21.29, -0.00, -0.00, -0.00, 32.86, -26.73, -20.23, -0.00, -0.00, -0.00
0.00, -26.00, 0.00, 0.00, 0.00, 0.00, 14.00, 3.96, 55.19, -3.13, -37.87, 0.00, 0.10, 0.01, 32.51, -26.86, -20.87, -0.00, -0.00, -0.00, 32.81, -26.77, -20.27, -0.00, -0.00, -0.00
0.00, -25.00, 0.00, 0.00, 0.00, 0.00, 14.13, 3.96, 55.67, -3.43, -38.59, 0.00, 0.10, 0.01, 33.02, -27.22, -21.67, -0.00, -0.00, -0.00, 32.79, -26.89, -20.34, -0.00, -0.00, -0.00
0.00, -24.00, 0.00, 0.00, 0.00, 0.00, 14.13, 3.96, 55.74, -3.27, -37.90, 0.00, 0.10, 0.01, 33.12, -27.09, -21.04, -0.00, -0.01, -0.00, 32.80, -26.94, -20.36, -0.00, -0.01, -0.00
0.00, -23.00, 0.00, 0.00, 0.00, 0.00, 14.00, 3.96, 55.22, -3.14, -37.40, 0.00, 0.10, 0.01, 32.60, -26.99, -20.58, -0.00, -0.00, -0.00, 32.78, -26.96, -20.38, -0.00, -0.00, -0.00
0.00, -22.00, 0.00, 0.00, 0.00, 0.00, 14.25, 3.96, 54.81, -3.22, -38.57, 0.00, 0.10, 0.01, 32.23, -27.12, -21.86, -0.00, -0.00, -0.00, 32.71, -26.98, -20.49, -0.00, -0.00, -0.00
0.00, -21.00, 0.00, 0.00, 0.00, 0.00, 14.00, 3.96, 54.88, -2.70, -37.45, 0.01, 0.10, 0.01, 32.31, -26.63, -20.74, -0.01, -0.00, 0.00, 32.68, -26.85, -20.53, -0.01, -0.00, 0.00
0.00, -20.00, 0.00, 0.00, 0.00, 0.00, 14.13, 3.96, 54.25, -3.27, -38.97, 0.00, 0.11, 0.01, 31.71, -27.24, -22.35, -0.00, 0.00, -0.00, 32.56, -26.96, -20.66, -0.00, 0.00, -0.00
0.00, -19.00, 0.00, 0.00, 0.00, 0.00, 14.13, 3.96, 54.87, -2.89, -38.94, 0.00, 0.10, 0.01, 32.35, -26.90, -22.38, -0.00, -0.01, -0.00, 32.52, -26.90, -20.78, -0.00, -0.01, -0.00
0.00, -18.00, 0.00, 0.00, 0.00, 0.00, 14.13, 3.96, 55.14, -3.84, -38.47, 0.00, 0.10, 0.01, 32.64, -27.89, -21.97, -0.00, -0.00, -0.00, 32.48, -27.22, -20.81, -0.00, -0.00, -0.00
0.00, -17.00, 0.00, 0.00, 0.00, 0.00, 14.38, 3.96, 55.29, -2.89, -37.93, 0.01, 0.10, 0.01, 32.83, -27.00, -21.54, -0.01, -0.01, 0.00, 32.50, -27.12, -20.85, -0.00, -0.01, 0.00
0.00, -16.00, 0.00, 0.00, 0.00, 0.00, 14.38, 3.96, 54.79, -3.46, -37.83, -0.00, 0.11, 0.01, 32.33, -27.58, -21.42, 0.00, 0.00, 0.00, 32.46, -27.27, -20.88, -0.00, 0.00, 0.00
0.00, -15.00, 0.00, 0.00, 0.00, 0.00, 14.13, 3.96, 55.31, -2.76, -38.22, -0.00, 0.10, 0.01, 32.87, -26.92, -21.89, 0.00, -0.00, -0.00, 32.49, -27.12, -20.94, 0.00, -0.00, -0.00
0.00, -14.00, 0.00, 0.00, 0.00, 0.00, 14.25, 3.96, 54.90, -3.30, -36.74, 0.00, 0.10, 0.01, 32.49, -27.51, -20.50, -0.00, -0.00, -0.00, 32.48, -27.27, -20.90, -0.00, -0.00, -0.00
0.00, -13.00, 0.00, 0.00, 0.00, 0.00, 14.38, 3.96, 54.72, -2.81, -38.10, 0.00, 0.10, 0.01, 32.34, -27.06, -21.94, -0.00, -0.00, 0.00, 32.46, -27.17, -20.98, -0.00, -0.00, 0.00
0.00, -12.00, 0.00, 0.00, 0.00, 0.00, 14.38, 3.96, 54.17, -2.91, -38.18, 0.00, 0.10, 0.01, 31.81, -27.20, -22.08, -0.00, -0.01, -0.00, 32.39, -27.16, -21.07, -0.00, -0.01, -0.00
0.00, -11.00, 0.00, 0.00, 0.00, 0.00, 14.38, 3.96, 54.22, -3.13, -38.37, 0.00, 0.10, 0.01, 31.89, -27.46, -22.32, -0.00, -0.00, -0.00, 32.32, -27.24, -21.15, -0.00, -0.00, -0.00
0.00, -10.00, 0.00, 0.00, 0.00, 0.00, 13.88, 3.96, 54.55, -3.16, -37.91, 0.00, 0.10, 0.00, 32.20, -27.49, -21.83, -0.00, -0.00, -0.00, 32.29, -27.31, -21.19, -0.00, -0.00, -0.00
0.00, -9.00, 0.00, 0.00, 0.00, 0.00, 14.50, 3.96, 54.34, -3.30, -37.53, 0.00, 0.11, 0.01, 32.05, -27.72, -21.63, -0.01, 0.00, -0.00, 32.25, -27.45, -21.21, -0.01, 0.00, -0.00
0.00, -8.00, 0.00, 0.00, 0.00, 0.00, 14.13, 3.96, 54.76, -3.42, -38.10, 0.00, 0.10, 0.01, 32.47, -27.85, -22.18, -0.00, -0.00, -0.00, 32.24, -27.56, -21.24, -0.00, -0.00, -0.00
0.00, -7.00, 0.00, 0.00, 0.00, 0.00, 14.13, 3.96, 54.60, -3.01, -38.82, 0.01, 0.10, 0.01, 32.33, -27.47, -22.96, -0.01, -0.01, -0.00, 32.22, -27.49, -21.35, -0.01, -0.01, -0.00
0.00, -6.00, 0.00, 0.00, 0.00, 0.00, 14.13, 3.96, 54.60, -3.22, -38.03, -0.00, 0.11, 0.01, 32.36, -27.72, -22.22, 0.00, 0.00, 0.00, 32.21, -27.55, -21.40, 0.00, 0.00, 0.00
0.00, -5.00, 0.00, 0.00, 0.00, 0.00, 14.38, 3.96, 54.75, -2.85, -38.16, 0.00, 0.10, 0.01, 32.54, -27.41, -22.46, -0.00, 0.00, -0.00, 32.22, -27.47, -21.46, -0.00, 0.00, -0.00
0.00, -4.00, 0.00, 0.00, 0.00, 0.00, 14.25, 3.96, 54.65, -2.65, -37.59, 0.00, 0.10, 0.01, 32.45, -27.23, -21.93, -0.00, 0.00, 0.00, 32.24, -27.37, -21.49, 0.00, 0.00, 0.00
0.00, -3.00, 0.00, 0.00, 0.00, 0.00, 14.38, 3.96, 54.19, -3.19, -37.65, 0.00, 0.10, 0.01, 32.03, -27.82, -22.07, -0.00, -0.00, -0.00, 32.20, -27.52, -21.51, -0.00, -0.00, -0.00
0.00, -2.00, 0.00, 0.00, 0.00, 0.00, 14.00, 3.96, 54.28, -2.69, -36.86, 0.00, 0.10, 0.01, 32.11, -27.34, -21.26, -0.00, -0.00, -0.00, 32.20, -27.46, -21.51, -0.00, -0.00, -0.00
0.00, -1.00, 0.00, 0.00, 0.00, 0.00, 14.38, 3.96, 54.02, -2.92, -37.02, 0.00, 0.10, 0.01, 31.89, -27.63, -21.55, -0.00, -0.00, -0.00, 32.17, -27.52, -21.52, -0.00, -0.00, -0.00
0.00, 0.00, 0.00, 0.00, 0.00, 0.00, 14.50, 3.96, 54.19, -2.62, -38.50, 0.00, 0.10, 0.01, 32.10, -27.37, -23.11, -0.00, -0.01, -0.00, 32.14, -27.43, -21.63, -0.00, -0.01, -0.00
0.00, 1.00, 0.00, 0.00, 0.00, 0.00, 14.25, 3.96, 54.06, -2.51, -38.38, 0.00, 0.10, 0.01, 31.97, -27.29, -23.00, -0.00, -0.00, -0.00, 32.10, -27.35, -21.72, -0.00, -0.00, -0.00
0.00, 2.00, 0.00, 0.00, 0.00, 0.00, 13.88, 3.96, 53.80, -3.19, -38.79, 0.00, 0.10, 0.01, 31.70, -27.98, -23.39, -0.00, -0.01, -0.00, 32.02, -27.53, -21.82, -0.00, -0.01, -0.00
0.00, 3.00, 0.00, 0.00, 0.00, 0.00, 14.00, 3.96, 54.27, -2.84, -38.02, 0.00, 0.10, 0.01, 32.19, -27.67, -22.67, -0.00, -0.00, -0.00, 32.02, -27.56, -21.86, -0.00, -0.00, -0.00
0.00, 4.00, 0.00, 0.00, 0.00, 0.00, 14.38, 3.96, 53.65, -3.08, -37.37, -0.00, 0.10, 0.01, 31.63, -27.99, -22.18, 0.00, -0.00, -0.00, 31.97, -27.71, -21.88, 0.00, -0.00, -0.00
0.00, 5.00, 0.00, 0.00, 0.00, 0.00, 13.88, 3.96, 53.57, -3.14, -37.15, -0.00, 0.10, 0.01, 31.53, -28.05, -21.92, 0.00, -0.00, 0.00, 31.92, -27.83, -21.88, 0.00, -0.00, 0.00
0.00, 6.00, 0.00, 0.00, 0.00, 0.00, 14.13, 3.96, 53.51, -3.17, -37.15, 0.00, 0.10, 0.01, 31.51, -28.13, -22.03, -0.00, -0.00, 0.00, 31.88, -27.94, -21.89, -0.00, -0.00, 0.00
0.00, 7.00, 0.00, 0.00, 0.00, 0.00, 14.25, 3.96, 53.65, -2.92, -37.72, 0.00, 0.10, 0.01, 31.69, -27.93, -22.68, -0.00, -0.00, -0.00, 31.85, -27.92, -21.95, -0.00, -0.00, -0.00
0.00, 8.00, 0.00, 0.00, 0.00, 0.00, 14.13, 3.96, 53.43, -2.46, -37.30, -0.00, 0.10, 0.01, 31.48, -27.50, -22.28, 0.00, -0.00, 0.00, 31.82, -27.76, -22.00, -0.00, -0.00, 0.00
0.00, 9.00, 0.00, 0.00, 0.00, 0.00, 14.38, 3.96, 53.79, -3.51, -38.06, 0.00, 0.09, 0.01, 31.87, -28.61, -23.15, -0.00, -0.01, 0.00, 31.78, -28.03, -22.04, -0.00, -0.01, 0.00
0.00, 10.00, 0.00, 0.00, 0.00, 0.00, 14.25, 3.96, 52.98, -3.10, -37.43, 0.01, 0.10, 0.01, 31.08, -28.23, -22.55, -0.01, -0.00, -0.00, 31.71, -28.10, -22.09, -0.01, -0.00, -0.00
0.00, 11.00, 0.00, 0.00, 0.00, 0.00, 14.38, 3.96, 53.35, -3.07, -37.99, 0.00, 0.10, 0.01, 31.47, -28.24, -23.19, -0.00, -0.00, 0.00, 31.67, -28.12, -22.16, -0.00, -0.00, 0.00
0.00, 12.00, 0.00, 0.00, 0.00, 0.00, 14.25, 3.96, 53.42, -2.88, -37.58, 0.00, 0.11, 0.01, 31.56, -28.08, -22.81, -0.00, 0.00, -0.00, 31.65, -28.09, -22.21, -0.00, 0.00, -0.00
0.00, 13.00, 0.00, 0.00, 0.00, 0.00, 14.13, 3.96, 53.48, -2.84, -37.96, -0.00, 0.10, 0.01, 31.63, -28.07, -23.22, 0.00, -0.00, -0.00, 31.63, -28.06, -22.27, 0.00, -0.00, -0.00
0.00, 14.00, 0.00, 0.00, 0.00, 0.00, 14.25, 3.96, 52.88, -3.17, -37.23, 0.00, 0.10, 0.01, 31.06, -28.45, -22.57, -0.00, -0.00, -0.00, 31.57, -28.20, -22.29, -0.00, -0.00, -0.00
0.00, 15.00, 0.00, 0.00, 0.00, 0.00, 14.25, 3.96, 53.54, -2.50, -37.50, 0.00, 0.10, 0.01, 31.74, -27.82, -22.90, -0.00, -0.00, -0.00, 31.58, -28.05, -22.34, -0.00, -0.00, -0.00
0.00, 16.00, 0.00, 0.00, 0.00, 0.00, 14.25, 3.96, 53.52, -3.08, -37.74, 0.00, 0.10, 0.01, 31.75, -28.44, -23.19, -0.00, -0.00, -0.00, 31.57, -28.16, -22.37, -0.00, -0.00, -0.00
0.00, 17.00, 0.00, 0.00, 0.00, 0.00, 14.00, 3.96, 53.14, -2.84, -37.71, 0.01, 0.10, 0.01, 31.37, -28.22, -23.16, -0.01, 0.00, 0.00, 31.53, -28.16, -22.43, -0.01, 0.00, 0.00
0.00, 18.00, 0.00, 0.00, 0.00, 0.00, 14.13, 3.96, 52.86, -3.60, -38.26, 0.00, 0.10, 0.01, 31.12, -29.02, -23.80, -0.00, -0.00, -0.00, 31.45, -28.44, -22.49, -0.00, -0.00, -0.00
0.00, 19.00, 0.00, 0.00, 0.00, 0.00, 14.38, 3.96, 52.72, -2.95, -38.03, 0.00, 0.10, 0.01, 31.01, -28.44, -23.67, -0.00, -0.00, -0.00, 31.39, -28.41, -22.58, -0.00, -0.00, -0.00
0.00, 20.00, 0.00, 0.00, 0.00, 0.00, 14.13, 3.96, 52.72, -3.19, -37.24, 0.00, 0.10, 0.01, 31.02, -28.69, -22.88, -0.00, -0.00, -0.00, 31.35, -28.51, -22.60, -0.00, -0.00, -0.00
0.00, 21.00, 0.00, 0.00, 0.00, 0.00, 13.88, 3.96, 52.29, -3.79, -37.24, 0.00, 0.11, 0.01, 30.63, -29.35, -22.99, -0.00, 0.00, -0.00, 31.26, -28.80, -22.61, -0.00, 0.00, -0.00
0.00, 22.00, 0.00, 0.00, 0.00, 0.00, 14.13, 3.96, 52.59, -3.55, -37.30, 0.00, 0.10, 0.01, 30.92, -29.13, -23.02, -0.00, -0.00, -0.00, 31.22, -28.91, -22.64, -0.00, -0.00, -0.00
0.00, 23.00, 0.00, 0.00, 0.00, 0.00, 14.00, 3.96, 52.56, -3.32, -37.85, 0.00, 0.10, 0.01, 30.91, -28.93, -23.63, -0.00, -0.00, 0.00, 31.17, -28.90, -22.71, -0.00, -0.00, 0.00
0.00, 24.00, 0.00, 0.00, 0.00, 0.00, 14.25, 3.96, 52.75, -3.26, -36.89, 0.01, 0.10, 0.01, 31.14, -28.93, -22.77, -0.01, -0.00, -0.00, 31.17, -28.91, -22.72, -0.01, -0.00, -0.00
0.00, 25.00, 0.00, 0.00, 0.00, 0.00, 14.25, 3.96, 53.05, -2.82, -37.99, 0.00, 0.10, 0.01, 31.47, -28.53, -23.92, -0.00, -0.01, -0.00, 31.18, -28.74, -22.80, -0.00, -0.00, -0.00
0.00, 26.00, 0.00, 0.00, 0.00, 0.00, 14.00, 3.96, 52.63, -2.13, -37.64, -0.00, 0.10, 0.01, 31.05, -27.87, -23.57, 0.00, -0.01, -0.00, 31.18, -28.41, -22.90, 0.00, -0.01, -0.00
0.00, 27.00, 0.00, 0.00, 0.00, 0.00, 14.00, 3.96, 52.44, -3.11, -38.03, 0.00, 0.10, 0.01, 30.88, -28.89, -24.02, -0.00, -0.00, -0.00, 31.12, -28.55, -22.96, -0.00, -0.00, -0.00
0.00, 28.00, 0.00, 0.00, 0.00, 0.00, 14.00, 3.96, 52.44, -3.10, -37.87, 0.00, 0.10, 0.01, 30.90, -28.91, -23.91, -0.00, -0.00, -0.00, 31.07, -28.66, -23.01, -0.00, -0.00, -0.00
0.00, 29.00, 0.00, 0.00, 0.00, 0.00, 14.63, 3.96, 52.15, -2.95, -37.18, 0.01, 0.10, 0.01, 30.67, -28.85, -23.41, -0.01, 0.00, 0.00, 31.03, -28.72, -23.04, -0.01, 0.00, 0.00
0.00, 30.00, 0.00, 0.00, 0.00, 0.00, 14.00, 3.96, 52.10, -2.85, -37.59, 0.00, 0.10, 0.01, 30.61, -28.74, -23.74, -0.00, -0.00, -0.00, 30.98, -28.71, -23.10, -0.00, -0.00, -0.00
0.00, 31.00, 0.00, 0.00, 0.00, 0.00, 14.38, 3.96, 52.00, -2.35, -36.69, 0.00, 0.10, 0.01, 30.55, -28.31, -22.96, -0.00, -0.00, -0.00, 30.95, -28.57, -23.13, -0.00, -0.00, -0.00
0.00, 32.00, 0.00, 0.00, 0.00, 0.00, 14.13, 3.96, 52.29, -2.59, -38.64, 0.00, 0.10, 0.01, 30.85, -28.57, -24.92, -0.00, -0.00, 0.00, 30.91, -28.52, -23.25, -0.00, -0.00, 0.00
0.00, 33.00, 0.00, 0.00, 0.00, 0.00, 14.38, 3.96, 52.32, -2.84, -38.00, 0.00, 0.10, 0.01, 30.92, -28.87, -24.38, -0.00, -0.00, -0.00, 30.88, -28.62, -23.30, -0.00, -0.00, -0.00
0.00, 34.00, 0.00, 0.00, 0.00, 0.00, 14.25, 3.96, 52.63, -2.63, -36.99, 0.00, 0.10, 0.01, 31.24, -28.70, -23.40, -0.00, -0.00, -0.00, 30.91, -28.64, -23.30, -0.00, -0.00, -0.00
0.00, 35.00, 0.00, 0.00, 0.00, 0.00, 14.25, 3.96, 52.46, -2.72, -37.52, 0.00, 0.10, 0.01, 31.08, -28.82, -23.98, -0.00, 0.00, 0.00, 30.91, -28.69, -23.32, -0.00, 0.00, 0.00
0.00, 36.00, 0.00, 0.00, 0.00, 0.00, 14.13, 3.96, 52.18, -2.82, -36.93, 0.01, 0.10, 0.01, 30.82, -28.96, -23.42, -0.01, -0.00, -0.00, 30.89, -28.78, -23.32, -0.01, -0.00, -0.00
0.00, 37.00, 0.00, 0.00, 0.00, 0.00, 14.00, 3.96, 51.84, -2.92, -37.78, -0.00, 0.11, 0.01, 30.49, -29.09, -24.29, 0.00, 0.00, -0.00, 30.83, -28.87, -23.39, 0.00, 0.00, -0.00
0.00, 38.00, 0.00, 0.00, 0.00, 0.00, 13.88, 3.96, 51.56, -2.70, -37.49, 0.00, 0.10, 0.01, 30.25, -28.92, -24.08, -0.00, -0.00, -0.00, 30.77, -28.87, -23.45, -0.00, -0.00, -0.00
0.00, 39.00, 0.00, 0.00, 0.00, 0.00, 14.38, 3.96, 51.62, -2.31, -37.39, -0.00, 0.10, 0.01, 30.33, -28.56, -24.03, 0.00, -0.00, -0.00, 30.72, -28.75, -23.52, 0.00, -0.00, -0.00
0.00, 40.00, 0.00, 0.00, 0.00, 0.00, 14.25, 3.96, 51.56, -2.72, -38.15, -0.00, 0.10, 0.01, 30.28, -29.00, -24.81, 0.00, -0.01, -0.00, 30.66, -28.81, -23.60, 0.00, -0.01, -0.00
0.00, 41.00, 0.00, 0.00, 0.00, 0.00, 14.38, 3.96, 51.48, -2.69, -38.26, 0.00, 0.11, 0.01, 30.24, -29.04, -25.06, -0.00, 0.00, -0.00, 30.58, -28.86, -23.70, -0.00, 0.00, -0.00
0.00, 42.00, 0.00, 0.00, 0.00, 0.00, 14.25, 3.96, 51.04, -2.76, -37.99, -0.00, 0.10, 0.01, 29.81, -29.15, -24.81, 0.00, -0.01, -0.00, 30.49, -28.94, -23.78, -0.00, -0.01, -0.00
0.00, 43.00, 0.00, 0.00, 0.00, 0.00, 14.25, 3.96, 51.15, -2.19, -37.85, 0.00, 0.10, 0.01, 29.95, -28.62, -24.73, -0.00, -0.00, -0.00, 30.43, -28.80, -23.88, -0.00, -0.00, -0.00
0.00, 44.00, 0.00, 0.00, 0.00, 0.00, 14.13, 3.96, 52.29, -2.51, -37.83, 0.00, 0.10, 0.01, 31.10, -28.97, -24.72, -0.00, -0.00, -0.00, 30.47, -28.83, -23.90, -0.00, -0.00, -0.00
0.00, 45.00, 0.00, 0.00, 0.00, 0.00, 14.13, 3.96, 51.80, -2.28, -37.72, -0.00, 0.10, 0.01, 30.63, -28.77, -24.67, 0.00, -0.01, -0.00, 30.47, -28.79, -23.95, 0.00, -0.01, -0.00
0.00, 46.00, 0.00, 0.00, 0.00, 0.00, 14.13, 3.96, 52.02, -2.69, -37.88, 0.00, 0.10, 0.01, 30.87, -29.22, -24.88, -0.00, -0.00, -0.00, 30.48, -28.92, -23.97, -0.00, -0.00, -0.00
0.00, 47.00, 0.00, 0.00, 0.00, 0.00, 14.50, 3.96, 51.33, -3.24, -37.93, -0.00, 0.11, 0.01, 30.23, -29.85, -25.05, 0.00, 0.00, -0.00, 30.41, -29.22, -24.01, 0.00, 0.00, -0.00
0.00, 48.00, 0.00, 0.00, 0.00, 0.00, 14.13, 3.96, 51.84, -3.14, -37.65, -0.00, 0.10, 0.00, 30.74, -29.75, -24.74, 0.00, -0.00, -0.00, 30.41, -29.39, -24.01, 0.00, -0.00, -0.00
0.00, 49.00, 0.00, 0.00, 0.00, 0.00, 14.50, 3.96, 50.48, -2.54, -38.00, 0.00, 0.10, 0.01, 29.42, -29.22, -25.22, -0.00, -0.00, -0.00, 30.31, -29.30, -24.14, -0.00, -0.00, -0.00
0.00, 50.00, 0.00, 0.00, 0.00, 0.00, 14.50, 3.96, 51.17, -2.65, -37.61, -0.01, 0.10, 0.01, 30.13, -29.36, -24.88, 0.01, 0.00, -0.00, 30.28, -29.30, -24.19, 0.01, 0.00, -0.00
0.00, 51.00, 0.00, 0.00, 0.00, 0.00, 14.50, 3.96, 50.37, -2.28, -38.32, 0.00, 0.10, 0.01, 29.35, -29.04, -25.65, -0.00, 0.00, -0.00, 30.17, -29.18, -24.33, -0.00, 0.00, -0.00
0.00, 52.00, 0.00, 0.00, 0.00, 0.00, 14.00, 3.96, 50.69, -2.40, -37.18, 0.00, 0.10, 0.01, 29.66, -29.16, -24.45, -0.00, -0.00, -0.00, 30.13, -29.17, -24.35, -0.00, -0.00, -0.00
0.00, 53.00, 0.00, 0.00, 0.00, 0.00, 14.25, 3.96, 50.39, -1.90, -38.09, 0.00, 0.11, 0.01, 29.40, -28.72, -25.46, -0.00, 0.00, -0.00, 30.05, -28.98, -24.47, -0.00, 0.00, -0.00
0.00, 54.00, 0.00, 0.00, 0.00, 0.00, 14.13, 3.96, 51.23, -2.13, -38.16, 0.00, 0.10, 0.01, 30.25, -28.98, -25.55, -0.00, -0.01, 0.00, 30.05, -28.95, -24.54, -0.00, -0.01, 0.00
0.00, 55.00, 0.00, 0.00, 0.00, 0.00, 14.50, 3.96, 51.17, -2.24, -38.07, 0.01, 0.10, 0.01, 30.24, -29.15, -25.59, -0.01, -0.00, -0.00, 30.04, -28.99, -24.59, -0.01, -0.00, -0.00
0.00, 56.00, 0.00, 0.00, 0.00, 0.00, 14.38, 3.96, 52.10, -2.65, -37.93, 0.00, 0.10, 0.01, 31.18, -29.58, -25.44, -0.00, -0.00, -0.00, 30.11, -29.17, -24.57, -0.00, -0.00, -0.00
0.00, 57.00, 0.00, 0.00, 0.00, 0.00, 13.88, 3.96, 51.56, -2.38, -38.28, 0.00, 0.10, 0.01, 30.65, -29.35, -25.82, -0.00, -0.00, -0.00, 30.13, -29.20, -24.62, -0.00, -0.00, -0.00
0.00, 58.00, 0.00, 0.00, 0.00, 0.00, 14.13, 3.96, 50.70, -3.01, -38.06, 0.00, 0.10, 0.01, 29.80, -30.01, -25.62, -0.00, -0.00, -0.00, 30.06, -29.47, -24.66, -0.00, -0.00, -0.00
0.00, 59.00, 0.00, 0.00, 0.00, 0.00, 14.38, 3.96, 50.32, -2.51, -37.64, 0.00, 0.10, 0.01, 29.47, -29.58, -25.32, -0.00, -0.00, -0.00, 29.99, -29.49, -24.72, -0.00, -0.00, -0.00
0.00, 60.00, 0.00, 0.00, 0.00, 0.00, 14.38, 3.96, 49.88, -2.63, -37.58, 0.00, 0.11, 0.01, 29.05, -29.74, -25.31, -0.00, 0.00, 0.00, 29.89, -29.57, -24.78, -0.00, 0.00, -0.00
0.00, 61.00, 0.00, 0.00, 0.00, 0.00, 14.13, 3.96, 50.15, -1.97, -38.13, -0.01, 0.10, 0.01, 29.32, -29.10, -25.86, 0.01, -0.00, -0.00, 29.83, -29.37, -24.89, 0.01, -0.00, -0.00
0.00, 62.00, 0.00, 0.00, 0.00, 0.00, 14.00, 3.96, 49.53, -2.29, -37.78, 0.01, 0.10, 0.01, 28.72, -29.46, -25.53, -0.01, -0.00, -0.00, 29.72, -29.39, -24.97, -0.01, -0.00, -0.00
0.00, 63.00, 0.00, 0.00, 0.00, 0.00, 14.25, 3.96, 50.25, -1.81, -38.64, 0.00, 0.10, 0.01, 29.47, -29.03, -26.50, -0.00, -0.01, 0.00, 29.67, -29.22, -25.10, -0.00, -0.01, 0.00
0.00, 64.00, 0.00, 0.00, 0.00, 0.00, 14.25, 3.96, 50.67, -2.13, -37.91, -0.00, 0.10, 0.01, 29.92, -29.39, -25.81, 0.00, -0.00, -0.00, 29.68, -29.26, -25.13, 0.00, -0.00, -0.00
0.00, 65.00, 0.00, 0.00, 0.00, 0.00, 14.38, 3.96, 51.75, -2.48, -38.13, 0.00, 0.10, 0.01, 31.03, -29.79, -26.10, -0.00, -0.01, -0.00, 29.76, -29.41, -25.11, -0.00, -0.00, -0.00
0.00, 66.00, 0.00, 0.00, 0.00, 0.00, 14.25, 3.96, 51.24, -2.40, -37.97, 0.00, 0.10, 0.01, 30.53, -29.74, -25.97, -0.00, -0.00, -0.00, 29.81, -29.50, -25.12, -0.00, -0.00, -0.00
0.00, 67.00, 0.00, 0.00, 0.00, 0.00, 14.25, 3.96, 51.34, -2.43, -37.71, 0.00, 0.10, 0.01, 30.65, -29.81, -25.75, -0.00, -0.00, -0.00, 29.86, -29.58, -25.12, -0.00, -0.00, -0.00
0.00, 68.00, 0.00, 0.00, 0.00, 0.00, 13.88, 3.96, 49.81, -2.25, -38.73, 0.00, 0.10, 0.01, 29.12, -29.64, -26.74, -0.00, -0.00, 0.00, 29.76, -29.56, -25.25, -0.00, -0.00, 0.00
0.00, 69.00, 0.00, 0.00, 0.00, 0.00, 14.25, 3.96, 49.81, -2.16, -38.70, 0.00, 0.10, 0.01, 29.16, -29.62, -26.84, -0.00, -0.00, -0.00, 29.67, -29.54, -25.37, -0.00, -0.00, -0.00
0.00, 70.00, 0.00, 0.00, 0.00, 0.00, 14.50, 3.96, 49.44, -2.25, -38.48, -0.00, 0.10, 0.01, 28.83, -29.77, -26.72, 0.00, -0.01, -0.00, 29.56, -29.59, -25.48, -0.00, -0.01, -0.00
0.00, 71.00, 0.00, 0.00, 0.00, 0.00, 14.50, 3.96, 48.89, -2.05, -37.58, 0.00, 0.10, 0.01, 28.30, -29.61, -25.86, -0.00, 0.00, -0.00, 29.44, -29.59, -25.55, -0.00, 0.00, -0.00
0.00, 72.00, 0.00, 0.00, 0.00, 0.00, 14.25, 3.95, 50.12, -1.75, -37.68, 0.00, 0.10, 0.01, 29.53, -29.33, -25.95, -0.00, -0.00, -0.00, 29.45, -29.49, -25.58, -0.00, -0.00, -0.00
0.00, 73.00, 0.00, 0.00, 0.00, 0.00, 14.38, 3.95, 50.91, -1.46, -36.83, 0.01, 0.10, 0.01, 30.35, -29.09, -25.17, -0.01, -0.01, 0.00, 29.55, -29.35, -25.55, -0.01, -0.01, 0.00
0.00, 74.00, 0.00, 0.00, 0.00, 0.00, 14.13, 3.96, 50.80, -2.29, -38.18, -0.00, 0.10, 0.01, 30.25, -29.95, -26.52, 0.00, -0.00, -0.00, 29.58, -29.53, -25.55, 0.00, -0.00, -0.00
0.00, 75.00, 0.00, 0.00, 0.00, 0.00, 14.50, 3.96, 49.52, -2.51, -37.75, 0.00, 0.10, 0.01, 29.01, -30.23, -26.19, -0.00, -0.00, -0.00, 29.49, -29.77, -25.58, -0.00, -0.00, -0.00
0.00, 76.00, 0.00, 0.00, 0.00, 0.00, 14.00, 3.95, 49.05, -2.40, -37.55, 0.00, 0.10, 0.01, 28.53, -30.12, -25.95, -0.00, -0.00, -0.00, 29.39, -29.89, -25.62, -0.01, -0.00, -0.00
0.00, 77.00, 0.00, 0.00, 0.00, 0.00, 14.38, 3.95, 48.85, -2.09, -37.58, 0.00, 0.10, 0.01, 28.37, -29.88, -26.10, -0.00, -0.00, -0.00, 29.29, -29.88, -25.69, -0.01, -0.00, -0.00
0.00, 78.00, 0.00, 0.00, 0.00, 0.00, 14.25, 3.95, 48.48, -1.83, -37.58, 0.00, 0.10, 0.01, 28.02, -29.65, -26.12, -0.01, -0.00, 0.00, 29.17, -29.79, -25.77, -0.01, -0.00, 0.00
0.00, 79.00, 0.00, 0.00, 0.00, 0.00, 14.25, 3.95, 48.79, -1.99, -38.25, 0.00, 0.10, 0.01, 28.35, -29.85, -26.84, -0.00, -0.00, -0.00, 29.07, -29.78, -25.87, -0.00, -0.00, -0.00
0.00, 80.00, 0.00, 0.00, 0.00, 0.00, 14.50, 3.95, 49.27, -1.93, -37.66, 0.00, 0.10, 0.01, 28.87, -29.85, -26.35, -0.00, -0.01, -0.00, 29.04, -29.79, -25.91, -0.00, -0.01, -0.00
0.00, 81.00, 0.00, 0.00, 0.00, 0.00, 14.13, 3.95, 50.26, -1.87, -38.29, -0.00, 0.10, 0.01, 29.86, -29.80, -26.95, 0.00, -0.01, 0.00, 29.10, -29.76, -25.95, 0.00, -0.01, 0.00
0.00, 82.00, 0.00, 0.00, 0.00, 0.00, 14.13, 3.95, 50.80, -2.15, -37.85, -0.00, 0.10, 0.01, 30.42, -30.12, -26.55, 0.00, -0.01, -0.00, 29.20, -29.86, -25.92, 0.00, -0.01, -0.00
0.00, 83.00, 0.00, 0.00, 0.00, 0.00, 14.38, 3.95, 49.72, -2.10, -38.07, 0.00, 0.11, 0.01, 29.38, -30.14, -26.87, -0.00, 0.00, -0.00, 29.19, -29.93, -25.96, -0.00, 0.00, -0.00
0.00, 84.00, 0.00, 0.00, 0.00, 0.00, 14.13, 3.95, 48.93, -2.50, -38.50, 0.00, 0.10, 0.01, 28.60, -30.55, -27.28, -0.00, -0.00, -0.00, 29.09, -30.12, -26.03, -0.00, -0.00, -0.00
0.00, 85.00, 0.00, 0.00, 0.00, 0.00, 14.38, 3.95, 48.28, -2.32, -38.63, -0.00, 0.10, 0.01, 27.98, -30.44, -27.51, 0.00, -0.01, 0.00, 28.95, -30.20, -26.15, -0.00, -0.01, 0.00
0.00, 86.00, 0.00, 0.00, 0.00, 0.00, 14.38, 3.95, 47.90, -2.31, -38.92, 0.00, 0.11, 0.01, 27.62, -30.46, -27.85, -0.00, 0.00, 0.00, 28.78, -30.25, -26.29, -0.00, 0.00, 0.00
0.00, 87.00, 0.00, 0.00, 0.00, 0.00, 14.13, 3.95, 48.00, -1.59, -38.16, -0.00, 0.10, 0.01, 27.73, -29.77, -27.08, 0.00, -0.00, 0.00, 28.68, -30.06, -26.41, -0.00, -0.00, -0.00
0.00, 88.00, 0.00, 0.00, 0.00, 0.00, 14.13, 3.95, 48.93, -1.36, -38.31, 0.00, 0.10, 0.01, 28.68, -29.57, -27.27, -0.00, -0.01, -0.00, 28.67, -29.86, -26.49, -0.00, -0.01, -0.00
0.00, 89.00, 0.00, 0.00, 0.00, 0.00, 14.13, 3.95, 50.37, -1.51, -38.45, 0.00, 0.10, 0.01, 30.14, -29.76, -27.46, -0.00, 0.00, 0.00, 28.79, -29.78, -26.51, -0.00, 0.00, 0.00
0.00, 90.00, 0.00, 0.00, 0.00, 0.00, 14.25, 3.95, 49.94, -2.21, -38.00, 0.00, 0.10, 0.01, 29.74, -30.51, -27.08, -0.00, -0.00, -0.00, 28.85, -30.02, -26.47, -0.00, -0.00, -0.00
0.00, 91.00, 0.00, 0.00, 0.00, 0.00, 14.38, 3.95, 49.31, -2.15, -38.47, -0.00, 0.10, 0.01, 29.14, -30.50, -27.61, 0.00, -0.00, -0.00, 28.84, -30.16, -26.51, 0.00, -0.00, -0.00
0.00, 92.00, 0.00, 0.00, 0.00, 0.00, 14.00, 3.95, 48.87, -2.57, -38.53, 0.00, 0.10, 0.01, 28.71, -30.95, -27.66, -0.00, -0.00, -0.00, 28.79, -30.41, -26.54, -0.00, -0.00, -0.00
0.00, 93.00, 0.00, 0.00, 0.00, 0.00, 14.38, 3.95, 47.98, -2.62, -38.72, 0.00, 0.10, 0.01, 27.83, -31.03, -27.87, -0.00, -0.00, -0.00, 28.66, -30.60, -26.63, -0.00, -0.00, -0.00
0.00, 94.00, 0.00, 0.00, 0.00, 0.00, 14.38, 3.95, 47.41, -1.64, -38.07, 0.00, 0.10, 0.01, 27.31, -30.11, -27.35, -0.00, -0.00, 0.00, 28.53, -30.41, -26.75, -0.01, -0.00, 0.00
0.00, 95.00, 0.00, 0.00, 0.00, 0.00, 14.63, 3.95, 47.00, -1.53, -38.23, -0.00, 0.10, 0.01, 26.94, -30.07, -27.60, 0.00, -0.00, -0.00, 28.37, -30.27, -26.88, 0.00, -0.00, -0.00
0.00, 96.00, 0.00, 0.00, 0.00, 0.00, 14.00, 3.95, 47.90, -1.58, -38.50, 0.00, 0.10, 0.01, 27.81, -30.11, -27.78, -0.00, -0.00, -0.00, 28.30, -30.19, -26.97, -0.00, -0.00, -0.00
0.00, 97.00, 0.00, 0.00, 0.00, 0.00, 14.38, 3.95, 48.19, -1.18, -37.87, 0.00, 0.10, 0.01, 28.15, -29.78, -27.27, -0.00, -0.00, 0.00, 28.29, -30.03, -27.02, -0.00, -0.00, 0.00
0.00, 98.00, 0.00, 0.00, 0.00, 0.00, 14.00, 3.95, 49.23, -2.22, -38.72, 0.00, 0.11, 0.01, 29.18, -30.83, -28.07, -0.00, 0.00, 0.00, 28.33, -30.28, -27.01, -0.00, 0.00, 0.00
0.00, 99.00, 0.00, 0.00, 0.00, 0.00, 14.25, 3.95, 49.31, -1.62, -38.07, 0.00, 0.10, 0.01, 29.31, -30.29, -27.53, -0.00, -0.01, -0.00, 28.42, -30.26, -27.01, -0.00, -0.01, -0.00
0.00, 100.00, 0.00, 0.00, 0.00, 0.00, 14.38, 3.95, 48.95, -2.25, -39.64, 0.01, 0.10, 0.01, 28.97, -30.97, -29.16, -0.01, -0.01, -0.00, 28.41, -30.45, -27.09, -0.00, -0.01, -0.00
0.00, 101.00, 0.00, 0.00, 0.00, 0.00, 14.38, 3.95, 48.73, -2.51, -39.18, 0.00, 0.10, 0.01, 28.77, -31.27, -28.74, -0.00, -0.01, -0.00, 28.39, -30.69, -27.14, -0.00, -0.01, -0.00
0.00, 102.00, 0.00, 0.00, 0.00, 0.00, 14.38, 3.95, 47.65, -2.46, -38.82, 0.00, 0.10, 0.01, 27.71, -31.25, -28.42, -0.00, -0.01, -0.00, 28.28, -30.86, -27.22, -0.01, -0.01, -0.00
0.00, 103.00, 0.00, 0.00, 0.00, 0.00, 14.38, 3.95, 47.12, -2.03, -39.16, -0.00, 0.10, 0.01, 27.21, -30.87, -28.80, 0.00, -0.01, -0.00, 28.14, -30.82, -27.36, -0.00, -0.01, -0.00
0.00, 104.00, 0.00, 0.00, 0.00, 0.00, 14.63, 3.95, 47.08, -2.19, -38.92, 0.00, 0.11, 0.01, 27.20, -31.09, -28.66, -0.00, 0.00, 0.00, 28.02, -30.88, -27.47, -0.00, 0.00, 0.00
0.00, 105.00, 0.00, 0.00, 0.00, 0.00, 14.00, 3.95, 46.95, -1.71, -39.61, 0.00, 0.10, 0.01, 27.05, -30.60, -29.25, -0.00, 0.00, -0.00, 27.89, -30.73, -27.64, -0.00, 0.00, -0.00
0.00, 106.00, 0.00, 0.00, 0.00, 0.00, 14.13, 3.95, 46.78, -1.53, -39.16, -0.00, 0.10, 0.01, 26.92, -30.48, -28.87, 0.00, -0.00, 0.00, 27.78, -30.60, -27.77, 0.00, -0.00, 0.00
0.00, 107.00, 0.00, 0.00, 0.00, 0.00, 14.13, 3.95, 47.91, -1.77, -39.78, -0.00, 0.10, 0.01, 28.07, -30.75, -29.54, 0.00, -0.01, -0.00, 27.77, -30.60, -27.86, 0.00, -0.01, -0.00
0.00, 108.00, 0.00, 0.00, 0.00, 0.00, 14.38, 3.95, 48.63, -1.64, -38.72, 0.00, 0.10, 0.01, 28.82, -30.68, -28.56, -0.00, -0.00, 0.00, 27.85, -30.60, -27.87, 0.00, -0.00, 0.00
0.00, 109.00, 0.00, 0.00, 0.00, 0.00, 14.25, 3.95, 48.47, -2.44, -39.51, 0.01, 0.10, 0.01, 28.68, -31.51, -29.37, -0.01, -0.00, -0.00, 27.88, -30.88, -27.88, -0.00, -0.00, -0.00
0.00, 110.00, 0.00, 0.00, 0.00, 0.00, 14.38, 3.95, 47.43, -2.12, -39.59, 0.00, 0.10, 0.01, 27.67, -31.24, -29.52, -0.00, -0.00, -0.00, 27.82, -30.96, -27.97, -0.00, -0.00, -0.00
0.00, 111.00, 0.00, 0.00, 0.00, 0.00, 14.38, 3.95, 47.37, -2.65, -38.47, 0.00, 0.10, 0.01, 27.62, -31.79, -28.38, -0.00, -0.00, 0.00, 27.77, -31.25, -27.96, -0.00, -0.00, 0.00
0.00, 112.00, 0.00, 0.00, 0.00, 0.00, 14.50, 3.95, 46.90, -1.93, -39.30, 0.00, 0.10, 0.01, 27.21, -31.16, -29.38, -0.00, -0.00, 0.00, 27.68, -31.17, -28.08, -0.00, -0.00, 0.00
0.00, 113.00, 0.00, 0.00, 0.00, 0.00, 14.38, 3.95, 46.59, -2.03, -38.54, 0.00, 0.10, 0.01, 26.90, -31.28, -28.58, -0.00, -0.00, -0.00, 27.59, -31.20, -28.14, -0.00, -0.00, -0.00
0.00, 114.00, 0.00, 0.00, 0.00, 0.00, 14.13, 3.95, 46.54, -1.70, -38.94, -0.00, 0.10, 0.01, 26.85, -30.96, -28.97, 0.00, -0.00, -0.00, 27.51, -31.09, -28.24, 0.00, -0.00, -0.00
0.00, 115.00, 0.00, 0.00, 0.00, 0.00, 14.13, 3.95, 47.03, -1.58, -38.42, 0.00, 0.10, 0.01, 27.37, -30.89, -28.49, -0.00, -0.00, -0.00, 27.49, -31.01, -28.27, -0.00, -0.00, -0.00
0.00, 116.00, 0.00, 0.00, 0.00, 0.00, 14.25, 3.95, 47.15, -1.71, -38.83, 0.00, 0.10, 0.01, 27.51, -31.06, -28.96, -0.00, -0.00, 0.00, 27.48, -31.00, -28.32, -0.00, -0.00, 0.00
0.00, 117.00, 0.00, 0.00, 0.00, 0.00, 14.38, 3.95, 48.35, -1.67, -39.52, 0.01, 0.10, 0.01, 28.74, -31.07, -29.71, -0.01, 0.00, -0.00, 27.57, -30.97, -28.36, -0.00, 0.00, -0.00
0.00, 118.00, 0.00, 0.00, 0.00, 0.00, 14.63, 3.95, 48.17, -1.59, -39.43, 0.00, 0.10, 0.01, 28.60, -31.05, -29.71, -0.00, -0.00, -0.00, 27.65, -30.95, -28.40, -0.00, -0.00, -0.00
0.00, 119.00, 0.00, 0.00, 0.00, 0.00, 14.50, 3.95, 48.38, -1.70, -39.68, 0.00, 0.10, 0.01, 28.82, -31.19, -29.98, -0.00, -0.00, -0.00, 27.72, -30.98, -28.45, -0.00, -0.00, -0.00
0.00, 120.00, 0.00, 0.00, 0.00, 0.00, 14.63, 3.95, 47.79, -1.86, -38.26, 0.00, 0.11, 0.01, 28.27, -31.40, -28.62, -0.00, 0.00, -0.00, 27.76, -31.12, -28.41, -0.00, 0.00, -0.00
0.00, 121.00, 0.00, 0.00, 0.00, 0.00, 14.13, 3.95, 46.92, -2.46, -38.99, 0.00, 0.10, 0.01, 27.38, -32.00, -29.29, -0.00, -0.01, -0.00, 27.69, -31.42, -28.43, -0.00, -0.01, -0.00
0.00, 122.00, 0.00, 0.00, 0.00, 0.00, 14.50, 3.95, 46.76, -1.80, -38.99, 0.00, 0.10, 0.01, 27.26, -31.41, -29.40, -0.00, -0.01, -0.00, 27.62, -31.39, -28.51, -0.00, -0.01, -0.00
0.00, 123.00, 0.00, 0.00, 0.00, 0.00, 14.63, 3.95, 45.86, -1.62, -39.16, 0.00, 0.10, 0.01, 26.40, -31.29, -29.63, -0.00, -0.01, -0.00, 27.48, -31.32, -28.64, -0.00, -0.01, -0.00
0.00, 124.00, 0.00, 0.00, 0.00, 0.00, 14.38, 3.95, 45.50, -0.99, -39.11, -0.00, 0.10, 0.01, 26.04, -30.68, -29.57, 0.00, -0.00, 0.00, 27.33, -31.06, -28.80, 0.00, -0.00, -0.00
0.00, 125.00, 0.00, 0.00, 0.00, 0.00, 14.25, 3.95, 45.40, -0.86, -38.66, 0.00, 0.10, 0.01, 25.95, -30.58, -29.13, -0.01, -0.01, -0.00, 27.20, -30.88, -28.90, -0.01, -0.01, -0.00
0.00, 126.00, 0.00, 0.00, 0.00, 0.00, 14.25, 3.95, 46.65, -1.11, -39.04, 0.00, 0.10, 0.01, 27.23, -30.87, -29.54, -0.00, -0.01, -0.00, 27.19, -30.86, -28.94, -0.00, -0.01, -0.00
0.00, 127.00, 0.00, 0.00, 0.00, 0.00, 14.25, 3.95, 46.71, -0.94, -38.09, 0.00, 0.10, 0.01, 27.31, -30.74, -28.63, -0.00, -0.00, 0.00, 27.21, -30.82, -28.93, -0.00, -0.00, 0.00
0.00, 128.00, 0.00, 0.00, 0.00, 0.00, 14.25, 3.95, 47.50, -1.55, -38.97, 0.00, 0.10, 0.01, 28.12, -31.39, -29.54, -0.00, 0.00, -0.00, 27.27, -31.00, -28.90, -0.00, 0.00, -0.00
0.00, 129.00, 0.00, 0.00, 0.00, 0.00, 14.38, 3.95, 47.49, -1.39, -38.25, 0.00, 0.11, 0.01, 28.12, -31.26, -28.84, -0.00, 0.00, -0.00, 27.35, -31.09, -28.85, -0.00, 0.00, -0.00
0.00, 130.00, 0.00, 0.00, 0.00, 0.00, 14.38, 3.95, 47.24, -1.80, -38.69, 0.01, 0.10, 0.01, 27.91, -31.73, -29.36, -0.01, 0.00, 0.00, 27.38, -31.31, -28.82, -0.01, 0.00, 0.00
0.00, 131.00, 0.00, 0.00, 0.00, 0.00, 14.50, 3.94, 45.95, -1.80, -39.77, 0.01, 0.10, 0.01, 26.65, -31.77, -30.50, -0.01, -0.00, -0.00, 27.26, -31.42, -28.93, -0.01, -0.00, -0.00
0.00, 132.00, 0.00, 0.00, 0.00, 0.00, 14.25, 3.94, 46.07, -1.87, -38.67, 0.00, 0.10, 0.01, 26.78, -31.87, -29.39, -0.00, -0.00, -0.00, 27.20, -31.57, -28.95, -0.00, -0.00, -0.00
0.00, 133.00, 0.00, 0.00, 0.00, 0.00, 14.63, 3.95, 45.43, -1.65, -39.40, -0.00, 0.11, 0.01, 26.18, -31.72, -30.24, 0.00, 0.00, -0.00, 27.06, -31.59, -29.07, -0.00, 0.00, -0.00
0.00, 134.00, 0.00, 0.00, 0.00, 0.00, 14.50, 3.95, 45.12, -1.51, -38.83, 0.00, 0.10, 0.01, 25.89, -31.61, -29.68, -0.00, -0.00, -0.00, 26.93, -31.58, -29.15, -0.01, -0.00, -0.00
0.00, 135.00, 0.00, 0.00, 0.00, 0.00, 14.25, 3.94, 45.48, -1.39, -39.14, 0.00, 0.10, 0.00, 26.26, -31.51, -29.96, -0.00, -0.00, -0.01, 26.85, -31.53, -29.23, -0.00, -0.00, -0.01
0.00, 136.00, 0.00, 0.00, 0.00, 0.00, 14.38, 3.95, 46.83, -1.59, -39.30, 0.00, 0.10, 0.01, 27.64, -31.77, -30.19, -0.00, -0.00, -0.00, 26.90, -31.58, -29.25, 0.00, -0.00, -0.00
0.00, 137.00, 0.00, 0.00, 0.00, 0.00, 14.38, 3.94, 46.55, -1.27, -38.61, 0.00, 0.10, 0.01, 27.38, -31.48, -29.53, -0.00, -0.00, -0.00, 26.95, -31.53, -29.26, -0.00, -0.00, -0.00
0.00, 138.00, 0.00, 0.00, 0.00, 0.00, 14.38, 3.94, 46.99, -1.32, -39.51, 0.00, 0.11, 0.01, 27.84, -31.57, -30.46, -0.00, 0.00, 0.00, 27.01, -31.50, -29.31, -0.00, 0.00, 0.00
0.00, 139.00, 0.00, 0.00, 0.00, 0.00, 14.25, 3.94, 46.57, -1.91, -39.14, 0.01, 0.10, 0.01, 27.43, -32.20, -30.10, -0.01, -0.00, -0.00, 27.02, -31.73, -29.30, -0.01, -0.00, -0.00
0.00, 140.00, 0.00, 0.00, 0.00, 0.00, 14.13, 3.94, 46.95, -1.80, -39.45, -0.00, 0.10, 0.01, 27.82, -32.11, -30.42, 0.00, -0.00, -0.00, 27.07, -31.83, -29.32, 0.00, -0.00, -0.00
0.00, 141.00, 0.00, 0.00, 0.00, 0.00, 14.13, 3.94, 46.62, -1.80, -39.46, 0.00, 0.10, 0.01, 27.52, -32.16, -30.46, -0.00, -0.00, -0.00, 27.09, -31.91, -29.36, -0.00, -0.00, -0.00
0.00, 142.00, 0.00, 0.00, 0.00, 0.00, 14.25, 3.94, 45.05, -1.71, -39.26, 0.00, 0.10, 0.01, 25.97, -32.12, -30.32, -0.00, -0.00, 0.00, 26.95, -31.96, -29.45, -0.00, -0.00, 0.00
0.00, 143.00, 0.00, 0.00, 0.00, 0.00, 14.38, 3.94, 44.01, -1.56, -39.84, 0.00, 0.11, 0.01, 24.97, -32.02, -30.96, -0.00, 0.00, -0.00, 26.71, -31.94, -29.62, -0.00, 0.00, -0.00
0.00, 144.00, 0.00, 0.00, 0.00, 0.00, 14.00, 3.94, 43.96, -1.36, -39.13, 0.00, 0.10, 0.01, 24.92, -31.83, -30.20, -0.00, -0.00, -0.00, 26.52, -31.89, -29.73, -0.00, -0.00, -0.00
0.00, 145.00, 0.00, 0.00, 0.00, 0.00, 14.13, 3.94, 44.65, -1.04, -39.40, 0.00, 0.10, 0.01, 25.64, -31.56, -30.54, -0.00, -0.00, 0.00, 26.42, -31.74, -29.84, -0.00, -0.00, 0.00
0.00, 146.00, 0.00, 0.00, 0.00, 0.00, 14.25, 3.94, 44.30, -0.89, -38.79, 0.00, 0.11, 0.01, 25.29, -31.44, -29.91, -0.00, 0.00, -0.00, 26.31, -31.63, -29.91, -0.01, 0.00, -0.00
0.00, 147.00, 0.00, 0.00, 0.00, 0.00, 14.38, 3.94, 45.89, -0.95, -39.04, 0.01, 0.11, 0.01, 26.93, -31.56, -30.27, -0.01, 0.00, 0.00, 26.37, -31.59, -29.91, -0.01, 0.00, 0.00
0.00, 148.00, 0.00, 0.00, 0.00, 0.00, 14.38, 3.94, 45.59, -0.23, -38.37, 0.00, 0.10, 0.01, 26.66, -30.90, -29.65, -0.00, 0.00, -0.00, 26.42, -31.34, -29.93, -0.00, 0.00, -0.00
0.00, 149.00, 0.00, 0.00, 0.00, 0.00, 14.13, 3.94, 46.57, -0.77, -39.07, 0.00, 0.11, 0.01, 27.64, -31.46, -30.34, -0.00, 0.00, 0.00, 26.53, -31.36, -29.90, -0.00, 0.00, 0.00
0.00, 150.00, 0.00, 0.00, 0.00, 0.00, 14.00, 3.94, 46.04, -1.17, -40.18, -0.00, 0.10, 0.01, 27.13, -31.89, -31.45, -0.00, -0.00, -0.00, 26.55, -31.50, -29.95, 0.00, -0.00, -0.00
0.00, 151.00, 0.00, 0.00, 0.00, 0.00, 14.25, 3.94, 45.85, -1.24, -39.51, -0.00, 0.11, 0.01, 26.98, -32.02, -30.86, 0.00, 0.00, -0.00, 26.56, -31.66, -29.96, 0.00, 0.00, -0.00
0.00, 152.00, 0.00, 0.00, 0.00, 0.00, 14.25, 3.94, 44.78, -0.69, -39.80, 0.00, 0.11, 0.01, 25.93, -31.49, -31.18, -0.00, 0.00, -0.00, 26.47, -31.56, -30.07, -0.00, 0.00, -0.00
0.00, 153.00, 0.00, 0.00, 0.00, 0.00, 14.13, 3.94, 44.24, -1.32, -38.91, -0.00, 0.10, 0.01, 25.41, -32.16, -30.30, 0.00, 0.00, -0.00, 26.35, -31.78, -30.09, -0.00, 0.00, -0.00
0.00, 154.00, 0.00, 0.00, 0.00, 0.00, 14.50, 3.94, 43.44, -0.44, -39.18, -0.00, 0.10, 0.01, 24.65, -31.36, -30.69, 0.00, -0.00, -0.00, 26.17, -31.61, -30.22, 0.00, -0.00, -0.00
0.00, 155.00, 0.00, 0.00, 0.00, 0.00, 14.00, 3.94, 44.33, -0.77, -39.45, 0.00, 0.10, 0.01, 25.53, -31.69, -30.87, -0.00, -0.01, 0.00, 26.09, -31.62, -30.28, -0.00, -0.01, 0.00
0.00, 156.00, 0.00, 0.00, 0.00, 0.00, 14.38, 3.94, 44.91, -0.13, -39.39, -0.00, 0.10, 0.01, 26.16, -31.11, -30.92, 0.00, -0.00, -0.00, 26.09, -31.41, -30.35, 0.00, -0.00, -0.00
0.00, 157.00, 0.00, 0.00, 0.00, 0.00, 14.25, 3.94, 45.37, -0.57, -39.23, 0.00, 0.10, 0.01, 26.62, -31.58, -30.77, -0.00, -0.00, -0.00, 26.13, -31.46, -30.35, -0.00, -0.00, -0.00
0.00, 158.00, 0.00, 0.00, 0.00, 0.00, 14.25, 3.94, 45.34, -0.01, -39.40, 0.00, 0.10, 0.01, 26.62, -31.07, -30.97, -0.00, -0.00, -0.00, 26.18, -31.29, -30.40, -0.00, -0.00, -0.00
0.00, 159.00, 0.00, 0.00, 0.00, 0.00, 14.13, 3.94, 45.92, -0.29, -39.58, 0.01, 0.10, 0.01, 27.22, -31.38, -31.15, -0.01, -0.00, -0.00, 26.27, -31.29, -30.40, -0.01, -0.00, -0.00
0.00, 160.00, 0.00, 0.00, 0.00, 0.00, 14.38, 3.94, 45.72, -0.25, -38.95, 0.01, 0.10, 0.01, 27.05, -31.39, -30.61, -0.01, -0.00, -0.00, 26.34, -31.31, -30.38, -0.01, -0.00, -0.00
0.00, 161.00, 0.00, 0.00, 0.00, 0.00, 14.25, 3.94, 44.88, -0.70, -40.11, 0.00, 0.10, 0.01, 26.23, -31.88, -31.77, -0.00, -0.00, -0.00, 26.29, -31.47, -30.44, -0.00, -0.00, -0.00
0.00, 162.00, 0.00, 0.00, 0.00, 0.00, 14.25, 3.94, 44.84, -1.02, -39.59, 0.00, 0.10, 0.01, 26.21, -32.24, -31.28, -0.00, -0.00, 0.00, 26.24, -31.73, -30.45, -0.00, -0.00, 0.00
0.00, 163.00, 0.00, 0.00, 0.00, 0.00, 14.25, 3.94, 43.23, -0.94, -39.73, -0.00, 0.10, 0.01, 24.62, -32.19, -31.44, 0.00, 0.00, -0.00, 26.04, -31.87, -30.54, 0.00, -0.00, -0.00
0.00, 164.00, 0.00, 0.00, 0.00, 0.00, 14.38, 3.94, 42.84, -0.77, -39.61, 0.00, 0.10, 0.01, 24.25, -32.07, -31.36, -0.00, -0.00, -0.00, 25.84, -31.93, -30.65, -0.00, -0.00, -0.00
0.00, 165.00, 0.00, 0.00, 0.00, 0.00, 14.25, 3.94, 42.77, -0.73, -40.11, 0.00, 0.10, 0.01, 24.20, -32.07, -31.88, -0.00, -0.01, -0.00, 25.63, -31.94, -30.78, -0.00, -0.01, -0.00
0.00, 166.00, 0.00, 0.00, 0.00, 0.00, 14.38, 3.94, 43.98, 0.07, -41.14, -0.00, 0.10, 0.01, 25.45, -31.32, -32.98, 0.00, -0.01, -0.00, 25.58, -31.63, -30.98, 0.00, -0.01, -0.00
0.00, 167.00, 0.00, 0.00, 0.00, 0.00, 14.38, 3.93, 43.79, -0.07, -39.48, 0.00, 0.10, 0.01, 25.27, -31.49, -31.33, -0.00, -0.00, -0.00, 25.54, -31.57, -31.02, -0.00, -0.00, -0.00
0.00, 168.00, 0.00, 0.00, 0.00, 0.00, 14.38, 3.93, 44.55, -0.32, -40.28, 0.00, 0.10, 0.01, 26.06, -31.78, -32.16, -0.00, -0.00, -0.00, 25.57, -31.60, -31.06, -0.00, -0.00, -0.00
0.00, 169.00, 0.00, 0.00, 0.00, 0.00, 14.13, 3.94, 45.07, -0.89, -40.40, 0.00, 0.10, 0.01, 26.59, -32.39, -32.27, -0.00, -0.00, 0.00, 25.63, -31.85, -31.05, -0.00, -0.00, 0.00
0.00, 170.00, 0.00, 0.00, 0.00, 0.00, 14.00, 3.94, 44.87, -1.23, -39.37, -0.00, 0.10, 0.01, 26.40, -32.75, -31.25, -0.00, -0.00, -0.00, 25.69, -32.17, -30.97, 0.00, -0.00, -0.00
0.00, 171.00, 0.00, 0.00, 0.00, 0.00, 14.25, 3.93, 43.95, -0.98, -40.37, 0.00, 0.10, 0.01, 25.52, -32.56, -32.31, -0.00, -0.00, -0.00, 25.63, -32.27, -31.04, -0.00, -0.00, -0.00
0.00, 172.00, 0.00, 0.00, 0.00, 0.00, 14.13, 3.93, 43.61, -1.20, -39.70, 0.00, 0.10, 0.01, 25.19, -32.81, -31.64, -0.00, -0.00, -0.00, 25.56, -32.45, -31.06, -0.00, -0.00, -0.00
0.00, 173.00, 0.00, 0.00, 0.00, 0.00, 13.75, 3.93, 42.33, -1.15, -40.44, -0.00, 0.10, 0.01, 23.91, -32.78, -32.33, 0.00, -0.00, -0.00, 25.35, -32.53, -31.18, -0.00, -0.00, -0.00
0.00, 174.00, 0.00, 0.00, 0.00, 0.00, 14.13, 3.93, 42.59, -0.31, -39.32, 0.00, 0.10, 0.01, 24.22, -32.00, -31.31, -0.00, -0.00, 0.00, 25.24, -32.33, -31.27, -0.00, -0.00, 0.00
0.00, 175.00, 0.00, 0.00, 0.00, 0.00, 14.25, 3.93, 43.47, 0.01, -40.25, 0.00, 0.10, 0.01, 25.12, -31.72, -32.30, -0.00, -0.00, -0.00, 25.22, -32.07, -31.39, -0.00, -0.00, -0.00
0.00, 176.00, 0.00, 0.00, 0.00, 0.00, 14.00, 3.93, 44.24, -0.88, -40.54, 0.00, 0.10, 0.01, 25.90, -32.64, -32.57, -0.00, -0.00, -0.00, 25.25, -32.23, -31.40, -0.00, -0.00, -0.00
0.00, 177.00, 0.00, 0.00, 0.00, 0.00, 13.88, 3.93, 44.17, -0.54, -40.46, -0.00, 0.10, 0.01, 25.85, -32.34, -32.48, 0.00, -0.01, -0.00, 25.29, -32.23, -31.44, 0.00, -0.01, -0.00
0.00, 178.00, 0.00, 0.00, 0.00, 0.00, 14.38, 3.93, 44.08, -1.01, -40.60, 0.00, 0.10, 0.01, 25.81, -32.88, -32.76, -0.00, -0.00, -0.00, 25.30, -32.42, -31.47, -0.00, -0.00, -0.00
0.00, 179.00, 0.00, 0.00, 0.00, 0.00, 14.25, 3.93, 44.53, -1.17, -40.59, 0.01, 0.10, 0.01, 26.28, -33.07, -32.75, -0.01, -0.01, -0.00, 25.37, -32.61, -31.47, -0.01, -0.01, -0.00
0.00, 180.00, 0.00, 0.00, 0.00, 0.00, 14.38, 3.93, 42.84, -0.56, -40.50, 0.00, 0.10, 0.01, 24.62, -32.51, -32.71, -0.00, -0.00, -0.00, 25.26, -32.53, -31.59, -0.00, -0.00, -0.00
0.00, 181.00, 0.00, 0.00, 0.00, 0.00, 14.13, 3.93, 42.82, -0.50, -39.17, 0.00, 0.10, 0.01, 24.61, -32.47, -31.35, -0.00, -0.00, -0.00, 25.20, -32.52, -31.61, -0.00, -0.00, -0.00
0.00, 182.00, 0.00, 0.00, 0.00, 0.00, 14.13, 3.93, 41.76, -0.86, -40.15, 0.00, 0.11, 0.01, 23.60, -32.91, -32.48, -0.00, 0.00, -0.00, 25.00, -32.64, -31.70, -0.00, 0.00, -0.00
0.00, 183.00, 0.00, 0.00, 0.00, 0.00, 14.00, 3.93, 42.85, -0.47, -39.92, 0.00, 0.10, 0.01, 24.69, -32.53, -32.18, -0.00, -0.00, -0.00, 24.96, -32.58, -31.75, -0.00, -0.00, -0.00
0.00, 184.00, 0.00, 0.00, 0.00, 0.00, 14.38, 3.93, 42.71, -0.09, -40.75, -0.00, 0.10, 0.01, 24.57, -32.19, -33.05, 0.00, -0.00, -0.00, 24.90, -32.39, -31.88, 0.00, -0.00, -0.00
0.00, 185.00, 0.00, 0.00, 0.00, 0.00, 14.13, 3.93, 43.12, -0.13, -40.69, 0.00, 0.10, 0.01, 24.99, -32.26, -32.97, -0.00, -0.00, -0.00, 24.88, -32.30, -31.96, -0.00, -0.00, -0.00
0.00, 186.00, 0.00, 0.00, 0.00, 0.00, 14.25, 3.93, 43.09, 0.23, -38.97, 0.00, 0.10, 0.01, 24.99, -31.94, -31.29, -0.00, -0.00, 0.00, 24.92, -32.19, -31.94, -0.00, -0.00, 0.00
0.00, 187.00, 0.00, 0.00, 0.00, 0.00, 14.25, 3.93, 43.86, -0.35, -40.65, 0.00, 0.10, 0.01, 25.79, -32.57, -33.00, -0.00, 0.00, -0.00, 24.98, -32.29, -31.95, -0.00, 0.00, -0.00
0.00, 188.00, 0.00, 0.00, 0.00, 0.00, 14.25, 3.93, 43.50, -0.28, -39.73, 0.00, 0.10, 0.01, 25.44, -32.54, -32.10, -0.00, -0.00, -0.00, 25.02, -32.37, -31.92, -0.00, 0.00, -0.00
0.00, 189.00, 0.00, 0.00, 0.00, 0.00, 14.63, 3.93, 43.36, -0.58, -40.24, 0.00, 0.10, 0.01, 25.36, -32.91, -32.71, -0.00, -0.00, -0.00, 25.03, -32.54, -31.92, -0.00, -0.00, -0.00
0.00, 190.00, 0.00, 0.00, 0.00, 0.00, 14.25, 3.93, 41.73, -0.98, -39.77, 0.00, 0.10, 0.01, 23.72, -33.32, -32.19, -0.00, -0.00, 0.00, 24.86, -32.83, -31.93, -0.00, -0.00, -0.00
0.00, 191.00, 0.00, 0.00, 0.00, 0.00, 14.00, 3.93, 41.79, -0.35, -39.68, 0.00, 0.10, 0.01, 23.78, -32.71, -32.08, -0.00, -0.01, -0.00, 24.75, -32.78, -31.99, -0.00, -0.01, -0.00
0.00, 192.00, 0.00, 0.00, 0.00, 0.00, 14.25, 3.93, 41.45, -0.20, -39.59, 0.00, 0.11, 0.01, 23.49, -32.63, -32.07, -0.00, 0.00, -0.00, 24.61, -32.73, -32.06, -0.00, 0.00, -0.00
0.00, 193.00, 0.00, 0.00, 0.00, 0.00, 14.25, 3.93, 41.68, -0.09, -39.21, 0.00, 0.11, 0.01, 23.74, -32.55, -31.71, -0.00, 0.00, -0.00, 24.53, -32.68, -32.08, -0.00, 0.00, -0.00
0.00, 194.00, 0.00, 0.00, 0.00, 0.00, 14.25, 3.93, 42.40, 0.29, -40.25, 0.00, 0.11, 0.01, 24.48, -32.21, -32.77, -0.00, 0.00, -0.00, 24.52, -32.48, -32.16, -0.00, 0.00, -0.00
0.00, 195.00, 0.00, 0.00, 0.00, 0.00, 14.50, 3.93, 42.88, 0.37, -39.87, 0.00, 0.10, 0.01, 25.01, -32.20, -32.47, -0.00, -0.00, -0.00, 24.57, -32.36, -32.18, -0.00, -0.00, -0.00
0.00, 196.00, 0.00, 0.00, 0.00, 0.00, 14.25, 3.93, 42.47, -0.23, -39.45, 0.01, 0.10, 0.01, 24.60, -32.82, -32.01, -0.01, -0.00, 0.00, 24.57, -32.54, -32.14, -0.01, -0.00, 0.00
0.00, 197.00, 0.00, 0.00, 0.00, 0.00, 14.13, 3.93, 42.68, -0.13, -40.47, 0.00, 0.11, 0.01, 24.82, -32.75, -33.03, -0.00, 0.00, -0.00, 24.57, -32.58, -32.18, 0.00, 0.00, -0.00
0.00, 198.00, 0.00, 0.00, 0.00, 0.00, 14.00, 3.92, 42.68, -0.20, -39.90, 0.00, 0.10, 0.01, 24.83, -32.84, -32.45, -0.00, -0.01, -0.00, 24.59, -32.67, -32.16, -0.00, -0.01, -0.00
0.00, 199.00, 0.00, 0.00, 0.00, 0.00, 14.25, 3.92, 42.74, -0.58, -40.35, 0.00, 0.10, 0.01, 24.93, -33.28, -32.98, -0.00, -0.00, -0.00, 24.60, -32.86, -32.16, -0.00, -0.00, -0.00
0.00, 200.00, 0.00, 0.00, 0.00, 0.00, 14.00, 3.92, 42.36, -0.38, -40.24, 0.00, 0.10, 0.01, 24.56, -33.11, -32.85, -0.00, -0.00, -0.00, 24.57, -32.93, -32.19, -0.00, -0.00, -0.00
0.00, 201.00, 0.00, 0.00, 0.00, 0.00, 14.00, 3.92, 40.95, 0.04, -39.84, 0.00, 0.10, 0.01, 23.19, -32.73, -32.51, -0.00, -0.00, -0.00, 24.42, -32.85, -32.28, -0.01, -0.00, -0.00
0.00, 202.00, 0.00, 0.00, 0.00, 0.00, 14.38, 3.92, 40.82, 0.80, -39.87, 0.00, 0.10, 0.01, 23.07, -32.01, -32.53, -0.00, -0.00, 0.00, 24.29, -32.53, -32.41, -0.00, -0.00, 0.00
0.00, 203.00, 0.00, 0.00, 0.00, 0.00, 14.13, 3.92, 41.38, 0.67, -39.84, 0.00, 0.10, 0.01, 23.65, -32.18, -32.52, -0.00, -0.00, -0.00, 24.22, -32.40, -32.47, -0.00, -0.00, -0.00
0.00, 204.00, 0.00, 0.00, 0.00, 0.00, 14.38, 3.92, 41.83, 0.39, -40.85, -0.00, 0.10, 0.01, 24.15, -32.51, -33.61, 0.00, -0.00, -0.00, 24.19, -32.40, -32.54, 0.00, -0.00, -0.00
0.00, 205.00, 0.00, 0.00, 0.00, 0.00, 14.38, 3.92, 41.86, 0.34, -39.46, -0.00, 0.10, 0.01, 24.20, -32.61, -32.24, 0.00, -0.00, -0.00, 24.19, -32.49, -32.50, 0.00, -0.00, -0.00
0.00, 206.00, 0.00, 0.00, 0.00, 0.00, 13.88, 3.92, 42.36, 0.38, -38.88, 0.00, 0.10, 0.01, 24.69, -32.57, -31.57, -0.00, -0.01, -0.00, 24.26, -32.55, -32.41, -0.00, -0.01, -0.00
0.00, 207.00, 0.00, 0.00, 0.00, 0.00, 14.38, 3.92, 42.18, 0.72, -39.37, 0.00, 0.11, 0.01, 24.57, -32.31, -32.19, -0.00, 0.00, -0.00, 24.30, -32.47, -32.41, -0.00, 0.00, -0.00
0.00, 208.00, 0.00, 0.00, 0.00, 0.00, 14.25, 3.92, 42.17, 0.13, -40.16, -0.00, 0.10, 0.01, 24.57, -32.93, -32.98, 0.00, -0.00, -0.00, 24.31, -32.62, -32.40, 0.00, -0.00, -0.00
0.00, 209.00, 0.00, 0.00, 0.00, 0.00, 14.25, 3.92, 42.21, 0.54, -40.03, 0.01, 0.10, 0.01, 24.63, -32.56, -32.86, -0.01, -0.01, -0.00, 24.34, -32.58, -32.43, -0.01, -0.01, -0.00
0.00, 210.00, 0.00, 0.00, 0.00, 0.00, 14.13, 3.92, 40.94, -0.16, -39.90, 0.00, 0.10, 0.01, 23.38, -33.29, -32.73, -0.00, -0.00, -0.00, 24.21, -32.84, -32.43, -0.00, -0.00, -0.00
0.00, 211.00, 0.00, 0.00, 0.00, 0.00, 14.13, 3.92, 41.38, 0.70, -39.81, 0.00, 0.10, 0.01, 23.83, -32.46, -32.65, -0.00, -0.00, -0.00, 24.17, -32.69, -32.49, -0.01, -0.00, -0.00
0.00, 212.00, 0.00, 0.00, 0.00, 0.00, 14.38, 3.92, 41.17, 1.15, -38.95, 0.00, 0.10, 0.01, 23.67, -32.07, -31.85, -0.00, -0.01, -0.00, 24.14, -32.48, -32.51, -0.00, -0.01, -0.00
0.00, 213.00, 0.00, 0.00, 0.00, 0.00, 14.38, 3.92, 41.79, 0.92, -40.53, 0.00, 0.10, 0.01, 24.30, -32.34, -33.45, -0.00, -0.01, -0.00, 24.14, -32.39, -32.58, -0.00, -0.01, -0.00
0.00, 214.00, 0.00, 0.00, 0.00, 0.00, 14.25, 3.92, 41.70, 0.35, -39.74, 0.00, 0.10, 0.01, 24.23, -32.94, -32.66, -0.00, -0.00, -0.00, 24.14, -32.59, -32.54, -0.00, -0.00, -0.00
0.00, 215.00, 0.00, 0.00, 0.00, 0.00, 14.50, 3.92, 41.52, 0.10, -40.18, 0.01, 0.10, 0.01, 24.10, -33.25, -33.17, -0.01, -0.00, -0.00, 24.11, -32.81, -32.54, -0.01, -0.00, -0.00
0.00, 216.00, 0.00, 0.00, 0.00, 0.00, 14.25, 3.92, 42.03, 0.38, -39.40, 0.00, 0.10, 0.01, 24.61, -32.99, -32.36, -0.00, -0.00, 0.00, 24.16, -32.88, -32.50, -0.00, -0.00, 0.00
0.00, 217.00, 0.00, 0.00, 0.00, 0.00, 14.13, 3.92, 41.46, 0.61, -39.86, 0.01, 0.10, 0.01, 24.06, -32.79, -32.80, -0.01, -0.01, -0.00, 24.14, -32.84, -32.53, -0.01, -0.01, -0.00
0.00, 218.00, 0.00, 0.00, 0.00, 0.00, 14.38, 3.92, 40.82, 0.47, -40.66, 0.00, 0.10, 0.01, 23.46, -33.00, -33.68, -0.00, 0.00, -0.00, 24.04, -32.85, -32.62, -0.00, 0.00, -0.00
0.00, 219.00, 0.00, 0.00, 0.00, 0.00, 14.00, 3.92, 40.84, 0.35, -39.67, 0.00, 0.10, 0.01, 23.48, -33.14, -32.67, -0.00, -0.01, 0.00, 23.97, -32.96, -32.63, -0.00, -0.01, 0.00
0.00, 220.00, 0.00, 0.00, 0.00, 0.00, 13.88, 3.92, 40.47, 0.25, -40.53, 0.00, 0.10, 0.01, 23.12, -33.26, -33.48, -0.00, 0.00, -0.00, 23.85, -33.04, -32.69, -0.00, 0.00, -0.00
0.00, 221.00, 0.00, 0.00, 0.00, 0.00, 13.88, 3.92, 40.98, 0.86, -39.74, 0.01, 0.10, 0.01, 23.65, -32.69, -32.71, -0.01, -0.00, 0.00, 23.84, -32.91, -32.73, -0.01, -0.00, 0.00
0.00, 222.00, 0.00, 0.00, 0.00, 0.00, 14.25, 3.92, 41.22, -0.07, -41.07, -0.00, 0.10, 0.01, 23.94, -33.69, -34.13, -0.00, -0.00, -0.00, 23.80, -33.15, -32.76, 0.00, -0.00, -0.00
0.00, 223.00, 0.00, 0.00, 0.00, 0.00, 14.00, 3.91, 41.14, -0.22, -40.44, -0.00, 0.10, 0.01, 23.86, -33.85, -33.45, 0.00, -0.00, -0.00, 23.78, -33.38, -32.76, 0.00, -0.00, -0.00
0.00, 224.00, 0.00, 0.00, 0.00, 0.00, 14.13, 3.91, 41.20, 0.13, -40.22, 0.00, 0.10, 0.01, 23.95, -33.54, -33.28, -0.00, -0.00, -0.00, 23.78, -33.42, -32.77, -0.00, -0.00, -0.00
0.00, 225.00, 0.00, 0.00, 0.00, 0.00, 14.13, 3.91, 41.26, 0.10, -40.62, 0.00, 0.10, 0.01, 24.03, -33.61, -33.69, -0.00, -0.00, -0.00, 23.79, -33.46, -32.81, -0.00, -0.00, -0.00
0.00, 226.00, 0.00, 0.00, 0.00, 0.00, 14.00, 3.91, 41.17, 0.34, -39.75, 0.01, 0.10, 0.01, 23.96, -33.41, -32.82, -0.01, -0.00, -0.00, 23.81, -33.44, -32.81, -0.01, -0.00, -0.00
0.00, 227.00, 0.00, 0.00, 0.00, 0.00, 14.13, 3.91, 39.93, 0.04, -40.43, 0.00, 0.10, 0.01, 22.75, -33.75, -33.53, -0.00, -0.00, -0.00, 23.67, -33.53, -32.88, -0.00, -0.00, -0.00
0.00, 228.00, 0.00, 0.00, 0.00, 0.00, 14.25, 3.91, 40.28, 0.28, -39.94, 0.00, 0.10, 0.01, 23.13, -33.57, -33.09, -0.00, -0.00, -0.00, 23.60, -33.54, -32.91, -0.00, -0.00, -0.00
0.00, 229.00, 0.00, 0.00, 0.00, 0.00, 14.50, 3.91, 40.72, 1.07, -40.88, 0.00, 0.10, 0.01, 23.61, -32.84, -34.09, -0.00, -0.01, -0.00, 23.59, -33.23, -33.05, -0.00, -0.01, 0.00
0.00, 230.00, 0.00, 0.00, 0.00, 0.00, 14.25, 3.91, 40.66, 0.86, -40.69, 0.00, 0.10, 0.01, 23.56, -33.06, -33.87, -0.00, -0.00, -0.00, 23.57, -33.13, -33.12, -0.00, -0.00, -0.00
0.00, 231.00, 0.00, 0.00, 0.00, 0.00, 14.25, 3.91, 40.92, 0.79, -39.58, -0.00, 0.10, 0.01, 23.84, -33.16, -32.76, 0.00, -0.00, -0.00, 23.61, -33.16, -33.08, 0.00, -0.00, -0.00
0.00, 232.00, 0.00, 0.00, 0.00, 0.00, 14.38, 3.91, 40.56, 0.98, -40.68, -0.00, 0.10, 0.01, 23.51, -33.04, -33.91, 0.00, 0.00, -0.00, 23.58, -33.08, -33.15, 0.00, 0.00, -0.00
0.00, 233.00, 0.00, 0.00, 0.00, 0.00, 14.25, 3.91, 40.75, 1.14, -39.67, 0.00, 0.10, 0.01, 23.72, -32.91, -32.89, -0.00, -0.01, -0.00, 23.61, -33.02, -33.14, -0.00, -0.01, -0.00
0.00, 234.00, 0.00, 0.00, 0.00, 0.00, 14.13, 3.91, 40.19, 0.98, -39.93, 0.00, 0.10, 0.01, 23.17, -33.08, -33.13, -0.00, -0.00, -0.00, 23.56, -33.05, -33.15, -0.00, -0.00, -0.00
0.00, 235.00, 0.00, 0.00, 0.00, 0.00, 14.25, 3.91, 40.35, 0.31, -39.70, 0.01, 0.10, 0.01, 23.36, -33.81, -32.93, -0.01, -0.00, 0.00, 23.53, -33.34, -33.09, -0.01, -0.00, 0.00
0.00, 236.00, 0.00, 0.00, 0.00, 0.00, 14.00, 3.91, 39.89, 0.47, -40.25, 0.01, 0.10, 0.01, 22.90, -33.67, -33.45, -0.01, -0.01, -0.00, 23.44, -33.45, -33.11, -0.01, -0.01, -0.00
0.00, 237.00, 0.00, 0.00, 0.00, 0.00, 14.25, 3.91, 40.41, 0.88, -39.62, 0.01, 0.10, 0.01, 23.49, -33.33, -32.94, -0.01, -0.01, -0.00, 23.45, -33.41, -33.11, -0.01, -0.01, -0.00
0.00, 238.00, 0.00, 0.00, 0.00, 0.00, 14.25, 3.91, 39.87, 1.07, -40.31, 0.00, 0.10, 0.01, 22.94, -33.16, -33.56, -0.00, -0.01, -0.00, 23.39, -33.30, -33.18, -0.00, -0.01, -0.00
0.00, 239.00, 0.00, 0.00, 0.00, 0.00, 14.13, 3.91, 40.32, 0.09, -40.94, 0.00, 0.10, 0.01, 23.43, -34.19, -34.23, -0.00, -0.00, -0.00, 23.35, -33.59, -33.18, -0.00, -0.00, 0.00
0.00, 240.00, 0.00, 0.00, 0.00, 0.00, 14.13, 3.91, 39.96, 1.43, -40.22, 0.00, 0.10, 0.01, 23.08, -32.87, -33.50, -0.00, -0.00, -0.00, 23.33, -33.31, -33.27, -0.00, -0.00, -0.00
0.00, 241.00, 0.00, 0.00, 0.00, 0.00, 14.13, 3.91, 39.96, -0.07, -40.63, -0.00, 0.10, 0.01, 23.10, -34.42, -33.92, 0.00, -0.01, -0.00, 23.27, -33.70, -33.24, 0.00, -0.01, -0.00
0.00, 242.00, 0.00, 0.00, 0.00, 0.00, 14.38, 3.91, 40.12, -0.01, -39.59, 0.01, 0.10, 0.01, 23.30, -34.42, -32.95, -0.01, -0.00, -0.00, 23.26, -33.98, -33.16, -0.01, -0.00, -0.00
0.00, 243.00, 0.00, 0.00, 0.00, 0.00, 14.13, 3.91, 40.34, 0.75, -40.56, 0.00, 0.10, 0.01, 23.53, -33.68, -33.87, -0.00, -0.00, 0.00, 23.28, -33.84, -33.23, -0.00, -0.00, 0.00
0.00, 244.00, 0.00, 0.00, 0.00, 0.00, 14.50, 3.91, 39.74, 0.92, -40.22, 0.00, 0.11, 0.01, 22.98, -33.57, -33.63, -0.00, 0.00, -0.00, 23.24, -33.72, -33.29, -0.00, 0.00, -0.00
0.00, 245.00, 0.00, 0.00, 0.00, 0.00, 14.13, 3.91, 39.54, 1.48, -39.86, -0.00, 0.10, 0.01, 22.77, -33.03, -33.20, 0.00, -0.00, -0.00, 23.21, -33.47, -33.35, -0.00, -0.00, -0.00
0.00, 246.00, 0.00, 0.00, 0.00, 0.00, 14.38, 3.90, 39.49, 1.14, -40.91, 0.00, 0.11, 0.01, 22.76, -33.41, -34.30, -0.00, 0.00, -0.00, 23.14, -33.41, -33.44, -0.00, 0.00, -0.00
0.00, 247.00, 0.00, 0.00, 0.00, 0.00, 13.88, 3.90, 39.62, 0.50, -39.75, 0.00, 0.10, 0.01, 22.89, -34.06, -33.05, -0.00, -0.00, -0.00, 23.11, -33.66, -33.37, -0.00, -0.00, -0.00
0.00, 248.00, 0.00, 0.00, 0.00, 0.00, 14.13, 3.90, 39.42, 1.39, -40.56, 0.00, 0.10, 0.01, 22.72, -33.22, -33.92, -0.00, -0.00, -0.00, 23.06, -33.48, -33.46, -0.00, -0.00, -0.00
0.00, 249.00, 0.00, 0.00, 0.00, 0.00, 14.25, 3.90, 39.99, 0.98, -39.64, 0.01, 0.10, 0.01, 23.32, -33.68, -33.03, -0.01, -0.01, -0.00, 23.09, -33.57, -33.40, -0.01, -0.01, -0.00
0.00, 250.00, 0.00, 0.00, 0.00, 0.00, 14.38, 3.90, 40.06, 1.08, -40.37, 0.00, 0.10, 0.01, 23.43, -33.63, -33.80, -0.00, -0.00, -0.00, 23.12, -33.57, -33.41, -0.00, -0.00, -0.00
0.00, 251.00, 0.00, 0.00, 0.00, 0.00, 14.38, 3.90, 39.71, 0.72, -41.13, -0.00, 0.10, 0.01, 23.10, -34.03, -34.57, 0.00, -0.00, -0.00, 23.08, -33.70, -33.46, 0.00, -0.00, -0.00
0.00, 252.00, 0.00, 0.00, 0.00, 0.00, 14.25, 3.90, 39.86, 1.37, -40.40, 0.00, 0.10, 0.01, 23.26, -33.40, -33.83, -0.00, -0.00, -0.00, 23.10, -33.57, -33.50, -0.00, -0.00, -0.00
0.00, 253.00, 0.00, 0.00, 0.00, 0.00, 14.50, 3.90, 39.70, 0.98, -40.88, -0.00, 0.10, 0.01, 23.14, -33.86, -34.37, 0.00, 0.00, -0.00, 23.08, -33.65, -33.54, 0.00, 0.00, -0.00
0.00, 254.00, 0.00, 0.00, 0.00, 0.00, 14.50, 3.90, 39.40, 0.86, -40.84, 0.00, 0.11, 0.01, 22.87, -34.01, -34.33, -0.00, 0.00, 0.00, 23.03, -33.75, -33.57, -0.00, 0.00, 0.00
