0.00, 0.00, -251.00, 0.00, 0.00, 0.00, 14.38, 3.90, 65.05, -0.48, -37.15, -0.00, 0.11, 0.01, 52.44, -23.49, -16.58, 0.00, 0.01, -0.00, 10.40, -19.49, 2.10, 0.04, 0.01, 0.02
0.00, 0.00, -250.00, 0.00, 0.00, 0.00, 14.00, 3.90, 64.32, 0.25, -36.13, 0.00, 0.10, 0.01, 51.63, -22.74, -15.52, -0.00, -0.00, -0.00, 12.63, -19.74, 2.36, 0.03, 0.00, 0.02
0.00, 0.00, -249.00, 0.00, 0.00, 0.00, 14.38, 3.90, 64.67, -0.89, -35.69, 0.00, 0.11, 0.01, 51.97, -23.91, -15.19, -0.00, 0.00, -0.00, 14.77, -20.32, 2.54, 0.03, 0.01, 0.01
0.00, 0.00, -248.00, 0.00, 0.00, 0.00, 14.50, 3.90, 65.21, -0.75, -36.09, 0.00, 0.10, 0.01, 52.48, -23.77, -15.61, -0.00, -0.00, -0.00, 16.81, -20.64, 2.62, 0.03, 0.00, 0.01
0.00, 0.00, -247.00, 0.00, 0.00, 0.00, 14.38, 3.90, 65.08, 0.28, -36.82, 0.00, 0.10, 0.01, 52.32, -22.75, -16.36, -0.00, -0.00, -0.00, 18.71, -20.53, 2.58, 0.03, 0.00, 0.01
0.00, 0.00, -246.00, 0.00, 0.00, 0.00, 14.63, 3.90, 64.40, -0.66, -36.61, 0.01, 0.11, 0.01, 51.60, -23.71, -16.24, -0.01, 0.00, 0.00, 20.45, -20.83, 2.45, 0.02, 0.01, 0.01
0.00, 0.00, -245.00, 0.00, 0.00, 0.00, 14.25, 3.90, 64.62, -0.35, -35.87, -0.00, 0.10, 0.01, 51.77, -23.37, -15.44, 0.00, -0.01, 0.00, 22.09, -20.95, 2.28, 0.03, -0.00, 0.01
0.00, 0.00, -244.00, 0.00, 0.00, 0.00, 14.38, 3.90, 64.73, -0.41, -36.31, -0.00, 0.11, 0.01, 51.86, -23.45, -15.93, 0.00, 0.00, -0.00, 23.64, -21.07, 2.05, 0.03, 0.01, 0.01
0.00, 0.00, -243.00, 0.00, 0.00, 0.00, 14.38, 3.90, 64.50, -0.06, -35.65, 0.00, 0.11, 0.01, 51.59, -23.10, -15.30, -0.00, 0.00, 0.00, 25.08, -21.08, 1.79, 0.02, 0.01, 0.01
0.00, 0.00, -242.00, 0.00, 0.00, 0.00, 14.25, 3.90, 64.60, -0.09, -35.93, 0.01, 0.10, 0.01, 51.65, -23.12, -15.58, -0.01, -0.00, 0.00, 26.44, -21.11, 1.48, 0.02, 0.00, 0.01
0.00, 0.00, -241.00, 0.00, 0.00, 0.00, 14.38, 3.90, 64.32, -0.64, -36.86, 0.00, 0.10, 0.01, 51.34, -23.69, -16.57, -0.00, -0.00, 0.00, 27.68, -21.34, 1.11, 0.02, 0.00, 0.01
0.00, 0.00, -240.00, 0.00, 0.00, 0.00, 14.38, 3.90, 64.13, -0.69, -35.79, 0.00, 0.11, 0.01, 51.11, -23.74, -15.53, -0.00, 0.00, -0.00, 28.86, -21.56, 0.74, 0.02, 0.01, 0.01
0.00, 0.00, -239.00, 0.00, 0.00, 0.00, 14.13, 3.90, 64.62, -0.01, -35.98, -0.00, 0.10, 0.01, 51.54, -23.05, -15.70, 0.00, -0.00, -0.00, 30.00, -21.47, 0.35, 0.02, 0.00, 0.01
0.00, 0.00, -238.00, 0.00, 0.00, 0.00, 14.25, 3.90, 64.16, -0.66, -36.50, 0.00, 0.11, 0.00, 51.06, -23.71, -16.26, -0.00, 0.00, -0.01, 31.02, -21.67, -0.08, 0.02, 0.01, 0.00
0.00, 0.00, -237.00, 0.00, 0.00, 0.00, 14.50, 3.90, 64.48, -0.41, -35.41, 0.01, 0.10, 0.01, 51.36, -23.48, -15.26, -0.01, -0.01, -0.00, 32.03, -21.75, -0.47, 0.01, -0.00, 0.01
0.00, 0.00, -236.00, 0.00, 0.00, 0.00, 14.50, 3.91, 64.54, 0.13, -35.55, 0.00, 0.11, 0.01, 51.40, -22.94, -15.41, -0.00, 0.00, 0.00, 32.99, -21.63, -0.88, 0.01, 0.01, 0.01
0.00, 0.00, -235.00, 0.00, 0.00, 0.00, 14.38, 3.91, 64.51, -0.60, -36.19, -0.00, 0.11, 0.01, 51.32, -23.67, -16.06, 0.00, 0.00, 0.00, 33.86, -21.82, -1.31, 0.02, 0.00, 0.01
0.00, 0.00, -234.00, 0.00, 0.00, 0.00, 14.38, 3.91, 63.55, 0.15, -36.35, 0.00, 0.10, 0.01, 50.32, -22.93, -16.25, -0.00, -0.00, -0.00, 34.64, -21.72, -1.80, 0.01, 0.00, 0.00
0.00, 0.00, -233.00, 0.00, 0.00, 0.00, 14.38, 3.91, 64.48, -0.80, -36.14, 0.00, 0.10, 0.01, 51.22, -23.88, -16.07, -0.00, -0.00, -0.00, 35.42, -22.00, -2.23, 0.01, 0.00, 0.00
0.00, 0.00, -232.00, 0.00, 0.00, 0.00, 14.38, 3.91, 63.67, -0.31, -36.22, 0.00, 0.10, 0.01, 50.36, -23.39, -16.17, -0.00, -0.01, 0.00, 36.11, -22.04, -2.70, 0.01, -0.00, 0.01
0.00, 0.00, -231.00, 0.00, 0.00, 0.00, 14.38, 3.91, 63.91, -0.76, -35.27, 0.00, 0.10, 0.01, 50.56, -23.83, -15.19, -0.00, -0.01, -0.00, 36.79, -22.26, -3.10, 0.01, -0.00, 0.00
0.00, 0.00, -230.00, 0.00, 0.00, 0.00, 14.25, 3.91, 64.76, -0.63, -36.03, 0.00, 0.10, 0.00, 51.38, -23.71, -16.01, -0.00, -0.00, -0.01, 37.48, -22.33, -3.52, 0.01, 0.00, 0.00
0.00, 0.00, -229.00, 0.00, 0.00, 0.00, 14.25, 3.91, 64.75, -0.61, -35.59, 0.01, 0.10, 0.01, 51.32, -23.70, -15.60, -0.01, -0.00, -0.00, 38.14, -22.40, -3.92, 0.00, 0.00, 0.00
0.00, 0.00, -228.00, 0.00, 0.00, 0.00, 14.13, 3.91, 64.22, -0.26, -35.78, -0.00, 0.10, 0.01, 50.75, -23.35, -15.79, 0.00, -0.00, -0.00, 38.73, -22.35, -4.34, 0.01, -0.00, 0.00
0.00, 0.00, -227.00, 0.00, 0.00, 0.00, 14.25, 3.91, 64.06, -1.01, -36.67, 0.00, 0.10, 0.01, 50.58, -24.10, -16.73, -0.00, 0.00, -0.00, 39.24, -22.59, -4.80, 0.01, 0.00, 0.01
0.00, 0.00, -226.00, 0.00, 0.00, 0.00, 14.13, 3.91, 63.36, -1.58, -36.93, 0.00, 0.10, 0.01, 49.83, -24.67, -16.99, -0.00, -0.00, 0.00, 39.68, -22.97, -5.28, 0.01, 0.00, 0.01
0.00, 0.00, -225.00, 0.00, 0.00, 0.00, 14.38, 3.91, 63.96, -1.40, -37.21, 0.00, 0.10, 0.01, 50.41, -24.52, -17.35, -0.00, -0.00, -0.00, 40.14, -23.14, -5.76, 0.01, 0.00, 0.00
0.00, 0.00, -224.00, 0.00, 0.00, 0.00, 14.38, 3.91, 63.65, -0.99, -35.87, 0.00, 0.10, 0.01, 50.06, -24.11, -16.03, -0.00, -0.00, -0.00, 40.59, -23.16, -6.16, 0.01, 0.00, 0.00
0.00, 0.00, -223.00, 0.00, 0.00, 0.00, 14.38, 3.91, 63.74, -0.67, -36.90, 0.00, 0.11, 0.01, 50.11, -23.79, -17.09, -0.00, 0.00, -0.00, 41.02, -23.04, -6.61, 0.01, 0.00, 0.00
0.00, 0.00, -222.00, 0.00, 0.00, 0.00, 14.25, 3.91, 64.06, -0.28, -35.63, 0.00, 0.10, 0.01, 50.39, -23.40, -15.82, -0.00, -0.00, -0.00, 41.46, -22.86, -6.96, 0.01, -0.00, 0.00
0.00, 0.00, -221.00, 0.00, 0.00, 0.00, 14.50, 3.91, 64.89, -0.64, -35.82, 0.01, 0.10, 0.01, 51.20, -23.78, -16.09, -0.01, -0.00, -0.00, 41.92, -22.88, -7.28, 0.00, -0.00, 0.00
0.00, 0.00, -220.00, 0.00, 0.00, 0.00, 14.38, 3.91, 63.67, -1.15, -36.32, 0.00, 0.10, 0.01, 49.93, -24.29, -16.59, -0.00, -0.01, -0.00, 42.24, -23.11, -7.66, 0.00, -0.00, 0.00
0.00, 0.00, -219.00, 0.00, 0.00, 0.00, 14.25, 3.91, 64.10, -0.07, -36.25, -0.00, 0.10, 0.01, 50.32, -23.20, -16.52, 0.00, -0.01, -0.00, 42.62, -22.86, -8.03, 0.01, -0.01, 0.00
0.00, 0.00, -218.00, 0.00, 0.00, 0.00, 14.13, 3.92, 63.86, -0.77, -37.07, 0.00, 0.10, 0.01, 50.04, -23.90, -17.33, -0.00, 0.00, -0.00, 42.92, -22.96, -8.43, 0.00, 0.00, 0.00
0.00, 0.00, -217.00, 0.00, 0.00, 0.00, 14.13, 3.92, 63.45, -0.70, -36.22, 0.00, 0.10, 0.00, 49.59, -23.83, -16.51, -0.00, -0.00, -0.01, 43.19, -23.03, -8.77, 0.00, -0.00, -0.00
0.00, 0.00, -216.00, 0.00, 0.00, 0.00, 14.38, 3.92, 63.27, -1.52, -37.27, 0.00, 0.11, 0.01, 49.40, -24.67, -17.64, -0.00, 0.00, 0.00, 43.40, -23.38, -9.16, 0.00, 0.00, 0.00
0.00, 0.00, -215.00, 0.00, 0.00, 0.00, 14.50, 3.91, 63.78, -0.72, -36.00, 0.00, 0.10, 0.01, 49.87, -23.88, -16.43, -0.00, -0.01, -0.00, 43.69, -23.33, -9.46, 0.01, -0.00, 0.00
0.00, 0.00, -214.00, 0.00, 0.00, 0.00, 14.38, 3.92, 63.87, -1.07, -37.07, 0.01, 0.10, 0.01, 49.92, -24.23, -17.49, -0.01, -0.01, -0.00, 43.94, -23.42, -9.81, -0.00, -0.00, 0.00
0.00, 0.00, -213.00, 0.00, 0.00, 0.00, 14.25, 3.92, 63.87, -0.82, -36.01, 0.00, 0.10, 0.01, 49.87, -23.98, -16.43, -0.00, -0.01, -0.00, 44.20, -23.41, -10.09, 0.00, -0.00, 0.00
0.00, 0.00, -212.00, 0.00, 0.00, 0.00, 14.00, 3.92, 63.59, -0.61, -35.66, -0.00, 0.10, 0.01, 49.58, -23.79, -16.16, 0.00, -0.00, -0.00, 44.44, -23.36, -10.34, 0.01, -0.00, -0.00
0.00, 0.00, -211.00, 0.00, 0.00, 0.00, 14.25, 3.92, 63.18, -0.38, -36.92, -0.00, 0.10, 0.01, 49.11, -23.55, -17.39, 0.00, -0.00, 0.00, 44.63, -23.23, -10.69, 0.01, -0.00, 0.00
0.00, 0.00, -210.00, 0.00, 0.00, 0.00, 14.38, 3.92, 62.42, -0.70, -36.80, 0.00, 0.10, 0.01, 48.32, -23.88, -17.33, -0.00, -0.00, -0.00, 44.74, -23.29, -11.03, 0.00, -0.00, 0.00
0.00, 0.00, -209.00, 0.00, 0.00, 0.00, 14.50, 3.92, 62.20, -1.10, -36.73, 0.00, 0.10, 0.01, 48.08, -24.29, -17.31, -0.00, -0.00, -0.00, 44.82, -23.50, -11.34, 0.00, -0.00, -0.00
0.00, 0.00, -208.00, 0.00, 0.00, 0.00, 14.50, 3.92, 61.97, -0.53, -36.88, -0.00, 0.10, 0.01, 47.80, -23.72, -17.48, 0.00, 0.00, -0.00, 44.90, -23.42, -11.68, 0.01, 0.00, 0.00
0.00, 0.00, -207.00, 0.00, 0.00, 0.00, 14.25, 3.92, 62.28, -0.75, -36.29, 0.01, 0.09, 0.01, 48.06, -23.93, -16.87, -0.01, -0.01, -0.00, 45.01, -23.47, -11.93, -0.00, -0.01, -0.00
0.00, 0.00, -206.00, 0.00, 0.00, 0.00, 14.38, 3.92, 62.85, -1.17, -36.12, 0.00, 0.10, 0.01, 48.61, -24.37, -16.74, -0.00, -0.00, -0.00, 45.14, -23.66, -12.14, -0.00, -0.00, -0.00
0.00, 0.00, -205.00, 0.00, 0.00, 0.00, 14.50, 3.92, 64.09, -0.69, -35.76, 0.00, 0.10, 0.01, 49.81, -23.90, -16.45, -0.00, 0.00, -0.00, 45.37, -23.59, -12.29, 0.00, 0.00, 0.00
0.00, 0.00, -204.00, 0.00, 0.00, 0.00, 14.50, 3.92, 63.74, -0.80, -36.45, 0.00, 0.10, 0.01, 49.42, -24.02, -17.16, -0.00, -0.00, -0.00, 45.54, -23.60, -12.49, 0.00, -0.00, 0.00
0.00, 0.00, -203.00, 0.00, 0.00, 0.00, 14.38, 3.92, 63.08, -0.32, -36.48, 0.00, 0.10, 0.01, 48.73, -23.53, -17.18, -0.00, -0.00, -0.00, 45.68, -23.44, -12.72, 0.00, -0.00, 0.00
0.00, 0.00, -202.00, 0.00, 0.00, 0.00, 14.50, 3.92, 63.18, -0.53, -36.36, 0.00, 0.10, 0.01, 48.80, -23.75, -17.12, -0.00, -0.00, 0.00, 45.80, -23.43, -12.93, 0.00, -0.00, 0.00
0.00, 0.00, -201.00, 0.00, 0.00, 0.00, 14.38, 3.92, 62.60, -0.98, -35.78, 0.01, 0.11, 0.01, 48.17, -24.20, -16.53, -0.01, 0.00, -0.00, 45.87, -23.61, -13.09, -0.00, 0.00, -0.00
0.00, 0.00, -200.00, 0.00, 0.00, 0.00, 14.25, 3.92, 62.34, -1.23, -36.90, -0.00, 0.10, 0.01, 47.86, -24.45, -17.66, 0.00, -0.00, -0.00, 45.90, -23.81, -13.33, 0.00, -0.00, -0.00
0.00, 0.00, -199.00, 0.00, 0.00, 0.00, 14.13, 3.92, 61.82, -0.42, -36.06, 0.01, 0.10, 0.01, 47.31, -23.64, -16.81, -0.01, -0.00, -0.00, 45.94, -23.66, -13.54, -0.00, -0.00, -0.00
0.00, 0.00, -198.00, 0.00, 0.00, 0.00, 14.25, 3.92, 62.63, -1.26, -35.68, 0.00, 0.10, 0.01, 48.08, -24.48, -16.48, -0.00, -0.00, -0.00, 46.00, -23.88, -13.66, 0.00, -0.00, -0.00
0.00, 0.00, -197.00, 0.00, 0.00, 0.00, 14.38, 3.92, 63.56, -0.92, -36.39, -0.00, 0.10, 0.01, 48.99, -24.16, -17.25, 0.00, -0.00, 0.00, 46.13, -23.87, -13.81, 0.00, -0.00, 0.00
0.00, 0.00, -196.00, 0.00, 0.00, 0.00, 14.75, 3.92, 63.30, -0.94, -35.38, -0.00, 0.10, 0.01, 48.69, -24.18, -16.27, 0.00, -0.01, -0.00, 46.25, -23.90, -13.89, 0.00, -0.01, -0.00
0.00, 0.00, -195.00, 0.00, 0.00, 0.00, 14.25, 3.92, 62.47, -0.31, -36.67, 0.00, 0.10, 0.01, 47.81, -23.56, -17.58, -0.01, -0.00, -0.00, 46.30, -23.68, -14.12, -0.00, -0.00, -0.00
0.00, 0.00, -194.00, 0.00, 0.00, 0.00, 14.63, 3.92, 61.97, -0.83, -35.93, 0.00, 0.10, 0.01, 47.27, -24.08, -16.83, -0.00, -0.00, -0.00, 46.31, -23.77, -14.27, 0.00, -0.00, -0.00
0.00, 0.00, -193.00, 0.00, 0.00, 0.00, 14.13, 3.92, 62.04, -0.94, -36.54, 0.01, 0.10, 0.01, 47.30, -24.18, -17.44, -0.01, -0.00, -0.00, 46.31, -23.85, -14.46, -0.00, -0.00, 0.00
0.00, 0.00, -192.00, 0.00, 0.00, 0.00, 14.13, 3.93, 62.20, -0.80, -36.03, 0.00, 0.10, 0.01, 47.43, -24.05, -16.95, -0.00, -0.00, -0.00, 46.33, -23.86, -14.60, -0.00, -0.00, -0.00
0.00, 0.00, -191.00, 0.00, 0.00, 0.00, 14.50, 3.93, 62.12, -1.02, -36.14, -0.00, 0.10, 0.01, 47.33, -24.30, -17.17, 0.00, -0.00, -0.00, 46.34, -23.96, -14.74, 0.00, -0.00, -0.00
0.00, 0.00, -190.00, 0.00, 0.00, 0.00, 14.50, 3.93, 62.83, -1.56, -36.90, 0.00, 0.10, 0.01, 48.01, -24.85, -17.96, -0.00, -0.00, 0.00, 46.37, -24.21, -14.89, 0.00, -0.00, 0.00
0.00, 0.00, -189.00, 0.00, 0.00, 0.00, 14.63, 3.93, 63.15, -1.32, -36.09, 0.00, 0.11, 0.01, 48.30, -24.61, -17.19, -0.00, 0.00, -0.00, 46.45, -24.28, -14.98, -0.00, 0.00, -0.00
0.00, 0.00, -188.00, 0.00, 0.00, 0.00, 14.13, 3.93, 62.73, -0.54, -36.74, 0.00, 0.10, 0.01, 47.81, -23.81, -17.77, -0.00, -0.00, -0.00, 46.51, -24.03, -15.15, -0.00, -0.00, -0.00
0.00, 0.00, -187.00, 0.00, 0.00, 0.00, 14.25, 3.93, 62.23, -0.98, -35.60, 0.00, 0.10, 0.01, 47.28, -24.26, -16.68, -0.00, -0.00, -0.00, 46.52, -24.08, -15.23, -0.00, -0.00, -0.00
0.00, 0.00, -186.00, 0.00, 0.00, 0.00, 14.38, 3.93, 61.74, -1.20, -36.31, 0.00, 0.10, 0.01, 46.75, -24.50, -17.43, -0.00, -0.00, -0.00, 46.49, -24.19, -15.37, -0.00, -0.00, -0.00
0.00, 0.00, -185.00, 0.00, 0.00, 0.00, 14.25, 3.93, 61.49, -1.02, -36.44, 0.00, 0.10, 0.01, 46.46, -24.32, -17.56, -0.00, -0.01, -0.00, 46.44, -24.19, -15.53, -0.00, -0.01, -0.00
0.00, 0.00, -184.00, 0.00, 0.00, 0.00, 14.25, 3.93, 61.82, -1.29, -36.83, 0.00, 0.11, 0.01, 46.76, -24.58, -17.98, -0.00, 0.00, -0.00, 46.41, -24.29, -15.69, -0.00, 0.00, -0.00
0.00, 0.00, -183.00, 0.00, 0.00, 0.00, 14.13, 3.93, 62.51, -1.55, -36.93, 0.00, 0.10, 0.01, 47.40, -24.84, -18.08, -0.00, -0.01, -0.00, 46.41, -24.43, -15.82, -0.00, -0.01, -0.00
0.00, 0.00, -182.00, 0.00, 0.00, 0.00, 14.13, 3.93, 62.51, -1.42, -36.16, 0.00, 0.10, 0.01, 47.36, -24.72, -17.33, -0.00, -0.00, -0.00, 46.44, -24.50, -15.89, -0.00, -0.00, -0.00
0.00, 0.00, -181.00, 0.00, 0.00, 0.00, 14.13, 3.93, 63.31, -1.67, -35.28, 0.00, 0.10, 0.01, 48.13, -24.97, -16.48, -0.00, -0.00, 0.00, 46.53, -24.63, -15.86, -0.00, -0.00, 0.00
0.00, 0.00, -180.00, 0.00, 0.00, 0.00, 14.75, 3.93, 63.12, -0.34, -35.14, 0.00, 0.10, 0.01, 47.94, -23.69, -16.49, -0.00, -0.00, -0.00, 46.65, -24.25, -15.88, -0.00, -0.00, -0.00
0.00, 0.00, -179.00, 0.00, 0.00, 0.00, 13.88, 3.93, 61.62, -0.85, -36.66, 0.01, 0.10, 0.01, 46.34, -24.15, -17.85, -0.01, -0.00, 0.00, 46.59, -24.18, -16.04, -0.01, -0.00, 0.00
0.00, 0.00, -178.00, 0.00, 0.00, 0.00, 14.50, 3.93, 61.46, -1.23, -36.10, -0.00, 0.10, 0.01, 46.18, -24.58, -17.45, 0.00, -0.00, 0.00, 46.53, -24.31, -16.15, 0.00, -0.00, 0.00
0.00, 0.00, -177.00, 0.00, 0.00, 0.00, 14.38, 3.93, 61.37, -1.78, -36.63, 0.00, 0.10, 0.01, 46.05, -25.13, -17.97, -0.00, -0.00, -0.00, 46.43, -24.59, -16.28, -0.00, -0.00, -0.00
0.00, 0.00, -176.00, 0.00, 0.00, 0.00, 14.25, 3.93, 61.28, -1.18, -36.66, -0.00, 0.10, 0.01, 45.91, -24.51, -17.95, 0.00, -0.01, -0.00, 46.37, -24.53, -16.42, 0.00, -0.01, -0.00
0.00, 0.00, -175.00, 0.00, 0.00, 0.00, 14.38, 3.93, 61.37, -1.67, -35.62, -0.00, 0.10, 0.01, 45.96, -24.99, -16.93, 0.00, -0.00, 0.00, 46.31, -24.70, -16.47, 0.00, -0.00, 0.00
0.00, 0.00, -174.00, 0.00, 0.00, 0.00, 14.38, 3.93, 62.39, -1.53, -36.47, 0.00, 0.10, 0.01, 46.97, -24.90, -17.88, -0.00, -0.00, -0.00, 46.33, -24.74, -16.54, 0.00, -0.00, -0.00
0.00, 0.00, -173.00, 0.00, 0.00, 0.00, 14.13, 3.93, 62.26, -1.61, -35.71, 0.01, 0.10, 0.01, 46.78, -24.96, -17.09, -0.01, -0.00, -0.00, 46.34, -24.80, -16.56, -0.01, -0.00, -0.00
0.00, 0.00, -172.00, 0.00, 0.00, 0.00, 14.50, 3.93, 62.35, -1.51, -35.94, -0.00, 0.10, 0.01, 46.86, -24.89, -17.43, 0.00, -0.00, 0.00, 46.36, -24.81, -16.60, 0.00, -0.00, 0.00
0.00, 0.00, -171.00, 0.00, 0.00, 0.00, 14.25, 3.93, 62.28, -1.14, -35.94, -0.00, 0.10, 0.01, 46.73, -24.51, -17.40, 0.00, -0.00, -0.00, 46.38, -24.67, -16.66, 0.00, -0.00, -0.00
0.00, 0.00, -170.00, 0.00, 0.00, 0.00, 14.75, 3.93, 61.28, -1.14, -36.64, 0.00, 0.10, 0.01, 45.73, -24.55, -18.23, -0.00, -0.01, -0.00, 46.31, -24.61, -16.80, -0.01, -0.01, -0.00
0.00, 0.00, -169.00, 0.00, 0.00, 0.00, 14.00, 3.93, 61.34, -1.46, -37.37, -0.00, 0.10, 0.01, 45.70, -24.82, -18.83, 0.00, 0.00, -0.00, 46.22, -24.66, -16.97, 0.00, 0.00, -0.00
0.00, 0.00, -168.00, 0.00, 0.00, 0.00, 14.75, 3.94, 60.54, -1.49, -36.26, 0.00, 0.11, 0.01, 44.92, -24.91, -17.89, -0.00, 0.00, 0.00, 46.10, -24.75, -17.08, -0.00, 0.00, 0.00
0.00, 0.00, -167.00, 0.00, 0.00, 0.00, 14.63, 3.93, 61.20, -1.55, -35.97, 0.00, 0.10, 0.01, 45.52, -24.97, -17.60, -0.00, -0.00, -0.00, 46.05, -24.83, -17.13, -0.00, -0.00, -0.00
0.00, 0.00, -166.00, 0.00, 0.00, 0.00, 14.13, 3.94, 61.28, -1.49, -36.13, 0.00, 0.10, 0.01, 45.54, -24.88, -17.68, -0.00, 0.00, -0.00, 46.00, -24.84, -17.19, -0.00, 0.00, -0.00
0.00, 0.00, -165.00, 0.00, 0.00, 0.00, 14.00, 3.94, 62.39, -1.30, -36.66, -0.00, 0.10, 0.01, 46.61, -24.68, -18.20, 0.00, -0.01, -0.00, 46.03, -24.75, -17.25, 0.00, -0.01, -0.00
0.00, 0.00, -164.00, 0.00, 0.00, 0.00, 14.00, 3.94, 61.77, -0.88, -35.90, 0.00, 0.10, 0.01, 45.94, -24.27, -17.47, -0.00, -0.00, -0.00, 46.04, -24.57, -17.29, -0.00, -0.00, -0.00
0.00, 0.00, -163.00, 0.00, 0.00, 0.00, 14.25, 3.93, 61.58, -0.75, -36.50, 0.00, 0.10, 0.01, 45.72, -24.16, -18.15, -0.00, -0.00, -0.00, 46.01, -24.41, -17.37, -0.00, -0.00, -0.00
0.00, 0.00, -162.00, 0.00, 0.00, 0.00, 14.63, 3.94, 60.41, -1.18, -36.85, -0.00, 0.10, 0.01, 44.55, -24.63, -18.59, 0.00, -0.00, 0.00, 45.88, -24.49, -17.51, -0.00, -0.00, -0.00
0.00, 0.00, -161.00, 0.00, 0.00, 0.00, 14.13, 3.94, 60.65, -1.13, -36.22, -0.00, 0.10, 0.01, 44.72, -24.54, -17.88, 0.00, -0.00, -0.00, 45.79, -24.52, -17.58, 0.00, -0.00, -0.00
0.00, 0.00, -160.00, 0.00, 0.00, 0.00, 14.25, 3.94, 60.17, -1.70, -37.12, 0.04, 0.10, 0.01, 44.21, -25.13, -18.84, -0.04, -0.00, -0.00, 45.63, -24.74, -17.71, -0.04, -0.00, -0.00
0.00, 0.00, -159.00, 0.00, 0.00, 0.00, 14.25, 3.94, 59.98, -1.52, -36.69, -0.00, 0.11, 0.01, 43.98, -24.96, -18.42, -0.00, 0.00, -0.00, 45.49, -24.83, -17.83, -0.00, 0.00, -0.00
0.00, 0.00, -158.00, 0.00, 0.00, 0.00, 14.38, 3.94, 61.06, -1.72, -37.09, 0.00, 0.10, 0.01, 45.04, -25.18, -18.88, -0.00, -0.01, -0.00, 45.43, -24.94, -17.91, -0.01, -0.01, -0.00
0.00, 0.00, -157.00, 0.00, 0.00, 0.00, 14.50, 3.94, 61.62, -1.07, -36.48, 0.00, 0.10, 0.01, 45.54, -24.52, -18.27, -0.00, -0.00, -0.00, 45.45, -24.77, -17.95, -0.00, -0.00, -0.00
0.00, 0.00, -156.00, 0.00, 0.00, 0.00, 14.50, 3.94, 61.71, -1.52, -35.97, 0.00, 0.10, 0.01, 45.59, -24.97, -17.78, -0.00, -0.00, -0.00, 45.45, -24.85, -17.93, -0.00, -0.00, -0.00
0.00, 0.00, -155.00, 0.00, 0.00, 0.00, 14.25, 3.94, 61.21, -1.14, -37.45, 0.00, 0.10, 0.01, 45.07, -24.61, -19.30, -0.00, -0.00, -0.00, 45.41, -24.74, -18.05, -0.00, -0.00, -0.00
0.00, 0.00, -154.00, 0.00, 0.00, 0.00, 14.13, 3.94, 60.86, -1.36, -36.96, 0.00, 0.10, 0.01, 44.66, -24.82, -18.79, -0.00, -0.00, -0.00, 45.34, -24.76, -18.13, -0.00, -0.00, -0.00
0.00, 0.00, -153.00, 0.00, 0.00, 0.00, 14.00, 3.94, 59.84, -1.94, -37.61, 0.00, 0.11, 0.01, 43.59, -25.40, -19.43, -0.00, 0.00, -0.00, 45.16, -25.00, -18.27, -0.00, 0.00, -0.00
0.00, 0.00, -152.00, 0.00, 0.00, 0.00, 14.38, 3.94, 59.25, -1.89, -37.37, 0.00, 0.10, 0.01, 42.99, -25.37, -19.30, -0.00, -0.00, -0.00, 44.98, -25.15, -18.41, -0.01, -0.01, -0.00
0.00, 0.00, -151.00, 0.00, 0.00, 0.00, 14.38, 3.94, 59.95, -2.10, -37.01, 0.00, 0.10, 0.01, 43.66, -25.60, -18.96, -0.00, -0.00, 0.00, 44.85, -25.32, -18.49, -0.00, -0.00, 0.00
0.00, 0.00, -150.00, 0.00, 0.00, 0.00, 14.13, 3.94, 60.71, -2.24, -36.83, -0.00, 0.11, 0.01, 44.37, -25.72, -18.75, 0.00, 0.00, -0.00, 44.80, -25.47, -18.51, 0.00, 0.00, -0.00
0.00, 0.00, -149.00, 0.00, 0.00, 0.00, 14.13, 3.94, 60.98, -1.75, -36.77, -0.00, 0.10, 0.01, 44.60, -25.24, -18.71, -0.00, 0.00, -0.00, 44.79, -25.38, -18.54, -0.00, 0.00, -0.00
0.00, 0.00, -148.00, 0.00, 0.00, 0.00, 13.88, 3.94, 61.11, -2.24, -35.98, 0.00, 0.10, 0.01, 44.67, -25.71, -17.89, -0.00, -0.00, -0.00, 44.78, -25.52, -18.49, -0.00, -0.00, -0.00
0.00, 0.00, -147.00, 0.00, 0.00, 0.00, 14.13, 3.94, 61.08, -1.78, -35.91, -0.00, 0.10, 0.01, 44.62, -25.28, -17.89, 0.00, 0.00, -0.00, 44.79, -25.45, -18.46, -0.00, 0.00, -0.00
0.00, 0.00, -146.00, 0.00, 0.00, 0.00, 14.25, 3.94, 60.33, -1.33, -37.56, 0.00, 0.10, 0.01, 43.85, -24.84, -19.59, -0.00, -0.00, -0.00, 44.72, -25.21, -18.60, -0.00, -0.00, -0.00
0.00, 0.00, -145.00, 0.00, 0.00, 0.00, 14.00, 3.94, 59.41, -1.74, -38.34, 0.00, 0.10, 0.01, 42.87, -25.24, -20.34, -0.00, -0.00, -0.00, 44.55, -25.21, -18.79, -0.00, -0.00, -0.00
0.00, 0.00, -144.00, 0.00, 0.00, 0.00, 14.25, 3.94, 59.68, -1.78, -36.83, 0.01, 0.10, 0.01, 43.11, -25.31, -18.91, -0.01, -0.00, -0.00, 44.44, -25.27, -18.85, -0.01, -0.00, -0.00
0.00, 0.00, -143.00, 0.00, 0.00, 0.00, 14.25, 3.94, 59.30, -1.97, -37.37, -0.00, 0.10, 0.01, 42.69, -25.51, -19.47, 0.00, 0.00, -0.00, 44.29, -25.37, -18.96, 0.00, -0.00, -0.00
0.00, 0.00, -142.00, 0.00, 0.00, 0.00, 14.00, 3.94, 59.69, -1.96, -36.16, 0.00, 0.10, 0.01, 43.03, -25.48, -18.23, -0.00, -0.00, -0.00, 44.21, -25.44, -18.95, -0.00, -0.01, -0.00
0.00, 0.00, -141.00, 0.00, 0.00, 0.00, 14.25, 3.94, 60.83, -2.32, -35.81, 0.00, 0.10, 0.01, 44.15, -25.87, -17.95, -0.00, -0.00, -0.00, 44.21, -25.62, -18.87, -0.00, -0.00, -0.00
0.00, 0.00, -140.00, 0.00, 0.00, 0.00, 14.13, 3.94, 60.29, -1.99, -36.12, 0.00, 0.10, 0.01, 43.56, -25.53, -18.26, -0.00, -0.00, -0.00, 44.18, -25.61, -18.85, -0.00, -0.00, -0.00
0.00, 0.00, -139.00, 0.00, 0.00, 0.00, 14.13, 3.94, 61.14, -2.16, -35.98, 0.00, 0.11, 0.01, 44.37, -25.71, -18.15, -0.00, 0.00, -0.00, 44.20, -25.66, -18.79, -0.00, 0.00, -0.00
0.00, 0.00, -138.00, 0.00, 0.00, 0.00, 14.00, 3.94, 60.93, -2.05, -36.20, 0.00, 0.11, 0.01, 44.15, -25.62, -18.44, -0.00, 0.00, -0.00, 44.20, -25.65, -18.77, -0.00, 0.00, -0.00
0.00, 0.00, -137.00, 0.00, 0.00, 0.00, 14.25, 3.94, 60.14, -1.64, -36.00, 0.00, 0.11, 0.01, 43.32, -25.22, -18.26, -0.00, 0.00, 0.00, 44.16, -25.51, -18.78, -0.00, 0.00, 0.00
0.00, 0.00, -136.00, 0.00, 0.00, 0.00, 14.38, 3.94, 59.34, -2.18, -36.38, 0.00, 0.10, 0.01, 42.48, -25.77, -18.66, -0.00, 0.00, -0.00, 44.04, -25.63, -18.82, -0.00, 0.00, -0.00
0.00, 0.00, -135.00, 0.00, 0.00, 0.00, 14.38, 3.94, 58.89, -2.34, -36.57, -0.00, 0.10, 0.01, 41.98, -25.93, -18.87, 0.00, -0.00, -0.00, 43.87, -25.77, -18.89, -0.00, -0.00, -0.00
0.00, 0.00, -134.00, 0.00, 0.00, 0.00, 14.50, 3.94, 59.28, -1.97, -35.98, 0.00, 0.10, 0.01, 42.35, -25.58, -18.33, -0.00, -0.00, -0.00, 43.78, -25.74, -18.91, -0.00, -0.00, -0.00
0.00, 0.00, -133.00, 0.00, 0.00, 0.00, 14.25, 3.95, 58.84, -2.09, -36.96, -0.00, 0.10, 0.00, 41.86, -25.69, -19.28, 0.00, -0.01, -0.01, 43.63, -25.74, -19.01, -0.00, -0.01, -0.01
0.00, 0.00, -132.00, 0.00, 0.00, 0.00, 13.88, 3.95, 60.14, -2.40, -36.64, -0.00, 0.10, 0.01, 43.10, -25.97, -18.90, 0.00, -0.00, -0.00, 43.59, -25.83, -19.02, 0.00, -0.01, -0.00
0.00, 0.00, -131.00, 0.00, 0.00, 0.00, 14.13, 3.94, 61.41, -2.18, -35.52, 0.00, 0.10, 0.01, 44.34, -25.78, -17.85, -0.00, -0.00, -0.00, 43.66, -25.82, -18.91, -0.00, -0.00, -0.00
0.00, 0.00, -130.00, 0.00, 0.00, 0.00, 14.38, 3.95, 60.86, -1.99, -34.95, 0.00, 0.10, 0.01, 43.77, -25.61, -17.35, -0.00, -0.00, -0.00, 43.71, -25.78, -18.80, -0.00, -0.00, -0.00
0.00, 0.00, -129.00, 0.00, 0.00, 0.00, 14.50, 3.95, 60.35, -2.43, -35.88, 0.00, 0.11, 0.01, 43.23, -26.07, -18.33, -0.00, 0.00, -0.00, 43.67, -25.90, -18.78, -0.00, 0.00, -0.00
0.00, 0.00, -128.00, 0.00, 0.00, 0.00, 14.13, 3.95, 60.16, -1.99, -35.87, 0.00, 0.10, 0.01, 42.98, -25.61, -18.26, -0.00, -0.00, -0.00, 43.64, -25.81, -18.78, -0.00, -0.00, -0.00
0.00, 0.00, -127.00, 0.00, 0.00, 0.00, 14.38, 3.95, 59.13, -1.78, -36.77, 0.01, 0.10, 0.01, 41.93, -25.43, -19.24, -0.01, -0.00, -0.00, 43.52, -25.69, -18.89, -0.01, -0.00, -0.00
0.00, 0.00, -126.00, 0.00, 0.00, 0.00, 14.25, 3.95, 58.93, -1.55, -36.10, 0.01, 0.10, 0.01, 41.68, -25.19, -18.56, -0.01, -0.00, -0.00, 43.41, -25.54, -18.95, -0.01, -0.00, -0.00
0.00, 0.00, -125.00, 0.00, 0.00, 0.00, 14.13, 3.95, 58.39, -1.99, -36.86, 0.00, 0.10, 0.01, 41.09, -25.63, -19.32, -0.00, -0.00, 0.00, 43.23, -25.59, -19.06, -0.00, -0.00, 0.00
0.00, 0.00, -124.00, 0.00, 0.00, 0.00, 14.00, 3.95, 59.73, -2.50, -36.98, -0.00, 0.10, 0.01, 42.39, -26.14, -19.43, 0.00, -0.00, -0.00, 43.14, -25.80, -19.10, 0.00, -0.00, -0.00
0.00, 0.00, -123.00, 0.00, 0.00, 0.00, 14.00, 3.95, 59.47, -1.53, -36.13, 0.00, 0.10, 0.01, 42.09, -25.18, -18.61, -0.00, -0.00, -0.00, 43.09, -25.60, -19.12, -0.00, -0.00, -0.00
0.00, 0.00, -122.00, 0.00, 0.00, 0.00, 14.38, 3.95, 60.46, -2.48, -36.01, 0.00, 0.11, 0.01, 43.07, -26.17, -18.59, -0.00, 0.00, -0.00, 43.08, -25.82, -19.07, -0.00, 0.00, -0.00
0.00, 0.00, -121.00, 0.00, 0.00, 0.00, 14.13, 3.95, 60.06, -2.09, -35.72, -0.00, 0.11, 0.01, 42.61, -25.76, -18.26, 0.00, 0.00, 0.00, 43.06, -25.82, -19.03, 0.00, 0.00, -0.00
0.00, 0.00, -120.00, 0.00, 0.00, 0.00, 14.50, 3.95, 59.62, -1.90, -36.32, 0.00, 0.10, 0.01, 42.12, -25.57, -18.86, -0.00, -0.00, -0.00, 43.00, -25.74, -19.06, -0.00, -0.00, -0.00
0.00, 0.00, -119.00, 0.00, 0.00, 0.00, 14.00, 3.95, 59.43, -1.48, -34.89, 0.00, 0.10, 0.01, 41.91, -25.17, -17.50, -0.00, -0.00, -0.00, 42.97, -25.58, -19.01, -0.01, -0.00, -0.00
0.00, 0.00, -118.00, 0.00, 0.00, 0.00, 14.00, 3.95, 58.39, -1.45, -36.20, 0.00, 0.11, 0.01, 40.84, -25.16, -18.86, -0.00, 0.00, -0.00, 42.83, -25.46, -19.10, -0.00, 0.00, -0.00
0.00, 0.00, -117.00, 0.00, 0.00, 0.00, 14.13, 3.95, 58.39, -2.25, -35.90, 0.00, 0.10, 0.01, 40.79, -25.95, -18.52, -0.00, 0.00, 0.00, 42.68, -25.67, -19.11, -0.00, 0.00, -0.00
0.00, 0.00, -116.00, 0.00, 0.00, 0.00, 14.25, 3.95, 58.11, -2.35, -35.63, -0.00, 0.10, 0.01, 40.48, -26.07, -18.30, 0.00, -0.00, -0.00, 42.52, -25.86, -19.12, 0.00, -0.00, -0.00
0.00, 0.00, -115.00, 0.00, 0.00, 0.00, 14.00, 3.95, 58.46, -2.91, -35.50, -0.00, 0.10, 0.01, 40.77, -26.61, -18.14, 0.00, -0.00, 0.00, 42.38, -26.18, -19.09, -0.00, -0.00, 0.00
0.00, 0.00, -114.00, 0.00, 0.00, 0.00, 14.25, 3.95, 59.89, -2.44, -35.71, 0.00, 0.10, 0.01, 42.18, -26.17, -18.42, -0.00, -0.00, -0.00, 42.38, -26.19, -19.05, -0.00, -0.00, -0.00
0.00, 0.00, -113.00, 0.00, 0.00, 0.00, 13.75, 3.95, 59.63, -2.34, -36.03, -0.00, 0.10, 0.01, 41.85, -26.04, -18.66, 0.00, -0.00, -0.00, 42.35, -26.15, -19.05, 0.00, -0.00, -0.00
0.00, 0.00, -112.00, 0.00, 0.00, 0.00, 14.00, 3.95, 59.12, -2.16, -35.98, 0.00, 0.10, 0.01, 41.31, -25.89, -18.69, -0.00, 0.00, -0.00, 42.29, -26.08, -19.07, -0.00, 0.00, -0.00
0.00, 0.00, -111.00, 0.00, 0.00, 0.00, 14.13, 3.95, 59.16, -1.62, -36.60, 0.01, 0.10, 0.01, 41.33, -25.36, -19.34, -0.01, -0.00, -0.00, 42.24, -25.82, -19.15, -0.01, -0.00, -0.00
0.00, 0.00, -110.00, 0.00, 0.00, 0.00, 14.25, 3.95, 57.73, -2.44, -36.54, -0.00, 0.10, 0.01, 39.87, -26.20, -19.33, 0.00, -0.01, -0.00, 42.05, -25.99, -19.24, -0.00, -0.01, -0.00
0.00, 0.00, -109.00, 0.00, 0.00, 0.00, 14.13, 3.95, 57.48, -2.29, -36.69, -0.00, 0.10, 0.01, 39.58, -26.05, -19.47, 0.00, -0.00, -0.00, 41.86, -26.04, -19.34, -0.00, -0.00, -0.00
0.00, 0.00, -108.00, 0.00, 0.00, 0.00, 14.25, 3.95, 57.59, -2.98, -36.85, 0.00, 0.11, 0.01, 39.65, -26.75, -19.68, -0.00, 0.00, -0.00, 41.66, -26.32, -19.42, -0.00, 0.00, -0.00
0.00, 0.00, -107.00, 0.00, 0.00, 0.00, 14.50, 3.95, 57.78, -2.24, -36.77, -0.00, 0.10, 0.01, 39.82, -26.03, -19.68, 0.00, -0.01, -0.00, 41.53, -26.23, -19.52, 0.00, -0.01, -0.00
0.00, 0.00, -106.00, 0.00, 0.00, 0.00, 14.25, 3.95, 58.70, -3.03, -35.88, 0.00, 0.10, 0.01, 40.68, -26.81, -18.75, -0.00, -0.00, -0.00, 41.46, -26.47, -19.47, -0.00, -0.00, -0.00
0.00, 0.00, -105.00, 0.00, 0.00, 0.00, 14.38, 3.95, 59.21, -2.85, -36.76, -0.00, 0.10, 0.01, 41.16, -26.65, -19.67, 0.00, -0.00, 0.00, 41.43, -26.54, -19.49, 0.00, -0.00, 0.00
0.00, 0.00, -104.00, 0.00, 0.00, 0.00, 14.00, 3.95, 59.98, -2.98, -36.10, -0.00, 0.10, 0.01, 41.87, -26.77, -18.96, 0.00, -0.00, -0.00, 41.46, -26.63, -19.43, 0.00, -0.00, -0.00
0.00, 0.00, -103.00, 0.00, 0.00, 0.00, 14.38, 3.95, 58.65, -2.51, -36.39, -0.00, 0.11, 0.01, 40.53, -26.33, -19.35, 0.00, 0.00, -0.00, 41.40, -26.53, -19.47, 0.00, 0.00, -0.00
0.00, 0.00, -102.00, 0.00, 0.00, 0.00, 14.25, 3.95, 58.26, -2.02, -36.93, 0.00, 0.11, 0.01, 40.09, -25.83, -19.88, -0.00, 0.00, -0.00, 41.32, -26.29, -19.57, -0.00, 0.00, -0.00
0.00, 0.00, -101.00, 0.00, 0.00, 0.00, 14.13, 3.95, 57.35, -2.50, -36.96, 0.00, 0.10, 0.01, 39.13, -26.31, -19.88, -0.00, -0.01, -0.00, 41.15, -26.31, -19.67, -0.01, -0.01, -0.00
0.00, 0.00, -100.00, 0.00, 0.00, 0.00, 14.38, 3.95, 57.40, -2.31, -36.57, -0.00, 0.10, 0.00, 39.16, -26.15, -19.58, 0.00, 0.00, -0.00, 41.00, -26.28, -19.75, -0.00, -0.00, -0.01
0.00, 0.00, -99.00, 0.00, 0.00, 0.00, 14.38, 3.95, 57.92, -2.32, -35.90, -0.00, 0.10, 0.01, 39.64, -26.17, -18.93, 0.00, -0.00, 0.00, 40.92, -26.28, -19.74, -0.00, -0.00, 0.00
0.00, 0.00, -98.00, 0.00, 0.00, 0.00, 14.38, 3.95, 58.74, -2.35, -36.20, -0.00, 0.11, 0.01, 40.42, -26.21, -19.26, 0.00, 0.00, -0.00, 40.89, -26.27, -19.73, 0.00, 0.00, -0.00
0.00, 0.00, -97.00, 0.00, 0.00, 0.00, 14.38, 3.95, 58.96, -2.46, -35.98, 0.00, 0.11, 0.01, 40.61, -26.32, -19.05, -0.00, 0.00, -0.00, 40.88, -26.30, -19.69, -0.00, 0.00, -0.00
0.00, 0.00, -96.00, 0.00, 0.00, 0.00, 14.25, 3.95, 59.25, -2.72, -36.25, 0.00, 0.11, 0.01, 40.86, -26.58, -19.31, -0.00, 0.00, -0.00, 40.88, -26.41, -19.65, -0.00, 0.00, -0.00
0.00, 0.00, -95.00, 0.00, 0.00, 0.00, 14.00, 3.95, 59.27, -2.53, -37.08, 0.00, 0.10, 0.01, 40.81, -26.38, -20.11, -0.00, -0.00, -0.00, 40.87, -26.39, -19.69, -0.00, -0.00, -0.00
0.00, 0.00, -94.00, 0.00, 0.00, 0.00, 14.25, 3.95, 58.30, -2.43, -36.73, 0.01, 0.10, 0.01, 39.83, -26.30, -19.83, -0.01, -0.00, -0.00, 40.79, -26.37, -19.74, -0.01, -0.00, -0.00
0.00, 0.00, -93.00, 0.00, 0.00, 0.00, 14.25, 3.95, 57.38, -2.89, -37.09, 0.00, 0.10, 0.01, 38.86, -26.78, -20.22, -0.00, -0.01, -0.00, 40.62, -26.53, -19.83, -0.00, -0.01, -0.00
0.00, 0.00, -92.00, 0.00, 0.00, 0.00, 14.00, 3.95, 56.87, -2.29, -36.48, 0.01, 0.10, 0.01, 38.30, -26.17, -19.57, -0.01, -0.00, -0.00, 40.46, -26.43, -19.91, -0.01, -0.00, -0.00
0.00, 0.00, -91.00, 0.00, 0.00, 0.00, 14.38, 3.95, 57.73, -2.81, -37.40, 0.00, 0.10, 0.01, 39.15, -26.71, -20.59, -0.00, -0.00, -0.00, 40.34, -26.54, -20.00, -0.00, -0.00, -0.00
0.00, 0.00, -90.00, 0.00, 0.00, 0.00, 14.25, 3.95, 57.69, -2.48, -36.57, -0.00, 0.10, 0.01, 39.06, -26.39, -19.75, 0.00, -0.00, -0.00, 40.25, -26.51, -20.04, -0.00, -0.00, -0.00
0.00, 0.00, -89.00, 0.00, 0.00, 0.00, 14.63, 3.95, 58.32, -2.86, -36.06, 0.00, 0.10, 0.01, 39.67, -26.81, -19.33, -0.00, -0.00, -0.00, 40.21, -26.64, -20.00, -0.00, -0.00, -0.00
0.00, 0.00, -88.00, 0.00, 0.00, 0.00, 14.38, 3.95, 57.91, -2.82, -35.90, 0.01, 0.10, 0.01, 39.21, -26.75, -19.14, -0.01, -0.00, -0.00, 40.15, -26.71, -19.97, -0.01, -0.00, -0.00
0.00, 0.00, -87.00, 0.00, 0.00, 0.00, 14.25, 3.95, 58.46, -2.84, -36.44, -0.00, 0.10, 0.01, 39.72, -26.77, -19.67, 0.00, -0.00, -0.00, 40.12, -26.74, -19.97, 0.00, -0.00, -0.00
0.00, 0.00, -86.00, 0.00, 0.00, 0.00, 14.38, 3.95, 58.01, -2.62, -36.98, 0.00, 0.10, 0.01, 39.23, -26.56, -20.25, -0.00, -0.00, -0.00, 40.05, -26.68, -20.03, -0.00, -0.00, -0.00
0.00, 0.00, -85.00, 0.00, 0.00, 0.00, 14.13, 3.95, 57.25, -2.70, -37.26, 0.01, 0.10, 0.01, 38.42, -26.64, -20.50, -0.01, -0.00, -0.00, 39.92, -26.68, -20.12, -0.01, -0.00, -0.00
0.00, 0.00, -84.00, 0.00, 0.00, 0.00, 14.00, 3.95, 56.81, -3.33, -37.24, -0.00, 0.10, 0.01, 37.92, -27.26, -20.45, 0.00, -0.00, -0.00, 39.74, -26.91, -20.20, -0.00, -0.00, -0.00
0.00, 0.00, -83.00, 0.00, 0.00, 0.00, 14.38, 3.95, 56.37, -2.51, -37.23, 0.00, 0.10, 0.01, 37.47, -26.48, -20.53, -0.00, 0.00, -0.00, 39.57, -26.77, -20.32, -0.01, 0.00, -0.00
0.00, 0.00, -82.00, 0.00, 0.00, 0.00, 14.25, 3.95, 56.85, -3.07, -36.96, -0.00, 0.10, 0.01, 37.93, -27.06, -20.34, -0.00, -0.00, 0.00, 39.44, -26.89, -20.37, -0.00, -0.00, 0.00
0.00, 0.00, -81.00, 0.00, 0.00, 0.00, 14.38, 3.95, 57.23, -2.32, -36.60, -0.00, 0.10, 0.01, 38.27, -26.31, -19.97, 0.00, -0.00, -0.00, 39.37, -26.71, -20.41, 0.00, -0.00, -0.00
0.00, 0.00, -80.00, 0.00, 0.00, 0.00, 14.13, 3.95, 57.42, -3.14, -36.89, 0.00, 0.10, 0.01, 38.40, -27.12, -20.22, -0.00, -0.00, -0.00, 39.29, -26.87, -20.41, -0.00, -0.00, -0.00
0.00, 0.00, -79.00, 0.00, 0.00, 0.00, 14.38, 3.95, 58.32, -1.93, -36.51, 0.00, 0.10, 0.01, 39.27, -25.93, -19.91, -0.00, -0.00, -0.00, 39.32, -26.54, -20.42, -0.00, -0.00, -0.00
0.00, 0.00, -78.00, 0.00, 0.00, 0.00, 14.25, 3.95, 58.18, -2.12, -37.12, -0.00, 0.10, 0.01, 39.09, -26.12, -20.52, 0.00, -0.00, -0.00, 39.32, -26.39, -20.45, 0.00, -0.00, -0.00
0.00, 0.00, -77.00, 0.00, 0.00, 0.00, 14.38, 3.95, 57.13, -2.88, -37.02, 0.00, 0.10, 0.01, 38.01, -26.90, -20.46, -0.00, -0.00, -0.00, 39.20, -26.59, -20.48, -0.00, -0.00, -0.00
0.00, 0.00, -76.00, 0.00, 0.00, 0.00, 14.25, 3.95, 57.23, -2.84, -37.23, 0.00, 0.10, 0.01, 38.06, -26.86, -20.66, -0.00, 0.00, -0.00, 39.10, -26.70, -20.52, -0.00, 0.00, -0.00
0.00, 0.00, -75.00, 0.00, 0.00, 0.00, 14.38, 3.95, 56.15, -3.04, -36.77, -0.00, 0.10, 0.01, 36.95, -27.08, -20.25, 0.00, -0.00, -0.00, 38.93, -26.87, -20.57, 0.00, -0.00, -0.00
0.00, 0.00, -74.00, 0.00, 0.00, 0.00, 14.38, 3.96, 56.99, -2.95, -36.88, 0.01, 0.10, 0.01, 37.75, -27.00, -20.37, -0.01, -0.00, -0.00, 38.84, -26.93, -20.59, -0.01, -0.00, -0.00
0.00, 0.00, -73.00, 0.00, 0.00, 0.00, 14.13, 3.95, 57.56, -2.65, -36.67, -0.00, 0.10, 0.01, 38.26, -26.68, -20.13, 0.00, -0.00, -0.00, 38.81, -26.86, -20.59, 0.00, -0.00, -0.00
0.00, 0.00, -72.00, 0.00, 0.00, 0.00, 14.50, 3.95, 57.13, -3.23, -36.55, 0.00, 0.10, 0.01, 37.82, -27.30, -20.11, -0.00, -0.00, 0.00, 38.73, -27.04, -20.58, -0.00, -0.00, 0.00
0.00, 0.00, -71.00, 0.00, 0.00, 0.00, 14.50, 3.96, 57.86, -3.03, -36.39, 0.00, 0.10, 0.01, 38.52, -27.10, -19.96, -0.00, -0.00, -0.00, 38.72, -27.08, -20.54, -0.00, -0.00, -0.00
0.00, 0.00, -70.00, 0.00, 0.00, 0.00, 14.25, 3.96, 58.07, -3.03, -36.09, -0.00, 0.10, 0.01, 38.67, -27.10, -19.62, 0.00, -0.00, -0.00, 38.73, -27.11, -20.48, -0.00, -0.00, -0.00
0.00, 0.00, -69.00, 0.00, 0.00, 0.00, 14.38, 3.96, 58.14, -2.91, -35.90, -0.00, 0.10, 0.01, 38.71, -27.00, -19.47, 0.00, 0.00, 0.00, 38.75, -27.09, -20.42, 0.00, 0.00, 0.00
0.00, 0.00, -68.00, 0.00, 0.00, 0.00, 14.13, 3.96, 56.99, -2.59, -36.33, 0.00, 0.09, 0.01, 37.50, -26.67, -19.88, -0.00, -0.01, -0.00, 38.68, -26.96, -20.44, -0.01, -0.01, -0.00
0.00, 0.00, -67.00, 0.00, 0.00, 0.00, 14.25, 3.96, 56.43, -2.63, -36.60, 0.00, 0.10, 0.01, 36.91, -26.73, -20.18, -0.00, -0.00, -0.00, 38.55, -26.90, -20.50, -0.00, -0.00, -0.00
0.00, 0.00, -66.00, 0.00, 0.00, 0.00, 14.50, 3.96, 55.96, -2.65, -36.80, 0.00, 0.10, 0.01, 36.42, -26.77, -20.46, -0.00, -0.00, -0.00, 38.39, -26.88, -20.58, -0.00, -0.00, -0.00
0.00, 0.00, -65.00, 0.00, 0.00, 0.00, 14.38, 3.96, 56.55, -3.13, -36.16, 0.00, 0.10, 0.01, 36.94, -27.23, -19.75, -0.01, -0.01, -0.00, 38.28, -27.04, -20.56, -0.01, -0.01, -0.00
0.00, 0.00, -64.00, 0.00, 0.00, 0.00, 14.00, 3.96, 57.18, -2.92, -36.48, 0.00, 0.10, 0.01, 37.55, -27.05, -20.14, -0.00, -0.00, -0.00, 38.23, -27.06, -20.56, -0.00, -0.00, -0.00
0.00, 0.00, -63.00, 0.00, 0.00, 0.00, 14.38, 3.96, 57.53, -3.58, -37.09, 0.00, 0.10, 0.01, 37.86, -27.72, -20.77, -0.00, -0.01, -0.00, 38.18, -27.30, -20.57, -0.00, -0.01, -0.00
0.00, 0.00, -62.00, 0.00, 0.00, 0.00, 14.25, 3.96, 57.57, -2.98, -36.96, 0.00, 0.10, 0.01, 37.86, -27.12, -20.63, -0.00, -0.00, 0.00, 38.16, -27.24, -20.59, -0.00, -0.00, 0.00
0.00, 0.00, -61.00, 0.00, 0.00, 0.00, 14.25, 3.96, 57.83, -3.19, -36.89, -0.00, 0.10, 0.01, 38.08, -27.33, -20.58, 0.00, -0.00, -0.00, 38.15, -27.27, -20.59, 0.00, -0.00, -0.00
0.00, 0.00, -60.00, 0.00, 0.00, 0.00, 14.38, 3.96, 57.45, -2.67, -36.25, -0.00, 0.10, 0.01, 37.67, -26.84, -19.98, -0.00, -0.01, -0.00, 38.14, -27.14, -20.58, -0.00, -0.01, -0.00
0.00, 0.00, -59.00, 0.00, 0.00, 0.00, 14.63, 3.96, 56.94, -3.65, -36.60, 0.00, 0.10, 0.01, 37.14, -27.85, -20.40, -0.00, -0.01, -0.00, 38.04, -27.41, -20.58, -0.00, -0.01, -0.00
0.00, 0.00, -58.00, 0.00, 0.00, 0.00, 14.00, 3.96, 56.23, -3.23, -37.33, 0.00, 0.10, 0.01, 36.34, -27.39, -21.01, -0.00, -0.00, -0.00, 37.90, -27.41, -20.67, -0.00, -0.00, -0.00
0.00, 0.00, -57.00, 0.00, 0.00, 0.00, 14.25, 3.96, 56.31, -3.04, -37.11, 0.00, 0.10, 0.01, 36.41, -27.22, -20.86, -0.00, -0.00, -0.00, 37.78, -27.36, -20.75, -0.00, -0.00, -0.00
0.00, 0.00, -56.00, 0.00, 0.00, 0.00, 14.13, 3.96, 56.43, -2.86, -37.02, 0.00, 0.10, 0.01, 36.48, -27.05, -20.77, -0.00, -0.00, -0.00, 37.69, -27.26, -20.81, -0.00, -0.00, -0.00
0.00, 0.00, -55.00, 0.00, 0.00, 0.00, 14.25, 3.96, 56.85, -2.94, -36.50, 0.00, 0.10, 0.01, 36.87, -27.14, -20.28, -0.00, -0.00, -0.00, 37.64, -27.24, -20.81, -0.00, -0.00, -0.00
0.00, 0.00, -54.00, 0.00, 0.00, 0.00, 14.25, 3.96, 57.06, -2.75, -37.31, -0.00, 0.10, 0.01, 37.04, -26.96, -21.12, 0.00, -0.00, -0.00, 37.59, -27.14, -20.87, 0.00, -0.00, -0.00
0.00, 0.00, -53.00, 0.00, 0.00, 0.00, 14.38, 3.96, 57.21, -3.19, -35.60, 0.01, 0.10, 0.01, 37.15, -27.41, -19.45, -0.01, -0.00, -0.00, 37.57, -27.27, -20.77, -0.01, -0.00, -0.00
0.00, 0.00, -52.00, 0.00, 0.00, 0.00, 14.25, 3.96, 56.93, -3.10, -36.38, 0.00, 0.10, 0.01, 36.83, -27.33, -20.21, -0.00, -0.00, -0.00, 37.52, -27.31, -20.76, -0.00, -0.00, -0.00
0.00, 0.00, -51.00, 0.00, 0.00, 0.00, 14.25, 3.96, 57.09, -2.75, -36.57, 0.00, 0.10, 0.01, 36.95, -26.98, -20.42, -0.00, -0.00, -0.00, 37.50, -27.21, -20.78, -0.00, -0.00, -0.00
0.00, 0.00, -50.00, 0.00, 0.00, 0.00, 14.38, 3.96, 55.90, -2.60, -37.52, 0.00, 0.10, 0.01, 35.74, -26.86, -21.41, -0.00, -0.00, -0.00, 37.36, -27.08, -20.90, -0.00, -0.00, -0.00
0.00, 0.00, -49.00, 0.00, 0.00, 0.00, 14.25, 3.96, 55.71, -3.03, -36.80, -0.00, 0.10, 0.01, 35.50, -27.28, -20.68, 0.00, -0.00, -0.00, 37.21, -27.18, -20.94, -0.00, -0.00, -0.00
0.00, 0.00, -48.00, 0.00, 0.00, 0.00, 14.50, 3.96, 56.20, -3.57, -36.61, 0.00, 0.10, 0.01, 35.96, -27.85, -20.56, -0.00, -0.01, -0.00, 37.10, -27.44, -20.93, -0.00, -0.01, -0.00
0.00, 0.00, -47.00, 0.00, 0.00, 0.00, 14.50, 3.96, 56.12, -3.71, -37.31, 0.01, 0.10, 0.01, 35.85, -28.00, -21.28, -0.01, -0.01, 0.00, 36.97, -27.65, -20.98, -0.01, -0.01, -0.00
0.00, 0.00, -46.00, 0.00, 0.00, 0.00, 14.25, 3.96, 56.47, -3.70, -36.58, 0.00, 0.10, 0.01, 36.14, -27.98, -20.51, -0.00, -0.00, -0.00, 36.90, -27.79, -20.97, -0.00, -0.00, -0.00
0.00, 0.00, -45.00, 0.00, 0.00, 0.00, 14.38, 3.96, 56.56, -3.41, -36.64, -0.00, 0.10, 0.01, 36.21, -27.71, -20.64, 0.00, -0.00, -0.00, 36.86, -27.78, -20.97, 0.00, -0.00, -0.00
0.00, 0.00, -44.00, 0.00, 0.00, 0.00, 13.88, 3.96, 56.59, -3.17, -36.96, -0.00, 0.10, 0.01, 36.16, -27.45, -20.85, 0.00, -0.00, -0.00, 36.81, -27.67, -21.01, -0.00, -0.00, -0.00
0.00, 0.00, -43.00, 0.00, 0.00, 0.00, 14.00, 3.96, 56.42, -3.04, -37.17, 0.00, 0.10, 0.01, 35.95, -27.33, -21.09, -0.00, -0.00, -0.00, 36.75, -27.56, -21.06, -0.00, -0.00, -0.00
0.00, 0.00, -42.00, 0.00, 0.00, 0.00, 14.50, 3.96, 55.54, -3.00, -37.28, 0.00, 0.10, 0.01, 35.07, -27.33, -21.33, -0.00, -0.00, -0.00, 36.62, -27.49, -21.14, -0.00, -0.00, -0.00
0.00, 0.00, -41.00, 0.00, 0.00, 0.00, 14.38, 3.96, 55.47, -3.57, -37.39, 0.00, 0.10, 0.01, 34.95, -27.90, -21.42, -0.00, -0.00, -0.00, 36.47, -27.65, -21.21, -0.00, -0.00, -0.00
0.00, 0.00, -40.00, 0.00, 0.00, 0.00, 14.25, 3.96, 54.90, -3.51, -37.36, 0.00, 0.10, 0.01, 34.33, -27.85, -21.38, -0.00, -0.00, -0.00, 36.29, -27.74, -21.28, -0.00, -0.00, -0.00
0.00, 0.00, -39.00, 0.00, 0.00, 0.00, 14.00, 3.96, 54.74, -3.38, -37.23, 0.00, 0.10, 0.01, 34.12, -27.71, -21.21, -0.00, -0.00, -0.00, 36.12, -27.75, -21.36, -0.00, -0.00, -0.00
0.00, 0.00, -38.00, 0.00, 0.00, 0.00, 14.13, 3.96, 55.74, -2.76, -37.46, 0.00, 0.10, 0.01, 35.10, -27.11, -21.48, -0.00, -0.01, -0.00, 36.05, -27.53, -21.43, -0.00, -0.01, -0.00
0.00, 0.00, -37.00, 0.00, 0.00, 0.00, 14.50, 3.96, 55.70, -3.07, -36.44, 0.00, 0.10, 0.01, 35.04, -27.45, -20.55, -0.00, -0.01, -0.00, 35.99, -27.53, -21.41, -0.00, -0.01, -0.00
0.00, 0.00, -36.00, 0.00, 0.00, 0.00, 14.50, 3.96, 55.80, -2.91, -36.63, -0.00, 0.10, 0.01, 35.10, -27.30, -20.76, 0.00, -0.00, -0.00, 35.94, -27.47, -21.41, 0.00, -0.00, -0.00
0.00, 0.00, -35.00, 0.00, 0.00, 0.00, 14.13, 3.96, 56.42, -3.13, -37.07, 0.00, 0.10, 0.01, 35.65, -27.50, -21.13, -0.00, -0.00, -0.00, 35.92, -27.49, -21.40, -0.00, -0.00, -0.00
0.00, 0.00, -34.00, 0.00, 0.00, 0.00, 14.38, 3.96, 55.66, -3.24, -37.07, -0.00, 0.10, 0.01, 34.87, -27.65, -21.20, 0.00, -0.00, -0.00, 35.83, -27.57, -21.42, 0.00, -0.00, -0.00
0.00, 0.00, -33.00, 0.00, 0.00, 0.00, 14.63, 3.96, 55.83, -3.62, -37.69, 0.00, 0.10, 0.01, 35.02, -28.06, -21.89, -0.00, -0.00, -0.00, 35.75, -27.74, -21.46, -0.00, -0.00, -0.00
0.00, 0.00, -32.00, 0.00, 0.00, 0.00, 14.38, 3.96, 54.88, -2.91, -36.80, 0.00, 0.10, 0.01, 34.02, -27.33, -20.97, -0.00, 0.00, -0.00, 35.63, -27.62, -21.51, -0.00, -0.00, -0.00
0.00, 0.00, -31.00, 0.00, 0.00, 0.00, 14.38, 3.96, 54.68, -3.27, -37.04, 0.00, 0.10, 0.01, 33.77, -27.71, -21.21, -0.00, -0.00, -0.00, 35.48, -27.68, -21.55, -0.00, -0.00, -0.00
0.00, 0.00, -28.00, 0.00, 0.00, 0.00, 14.38, 3.96, 55.35, -3.26, -36.90, 0.00, 0.10, 0.01, 34.34, -27.73, -21.15, -0.00, 0.00, -0.00, 35.23, -27.67, -21.58, -0.00, 0.00, -0.00
0.00, 0.00, -27.00, 0.00, 0.00, 0.00, 14.50, 3.96, 55.06, -3.99, -36.22, 0.00, 0.10, 0.01, 34.00, -28.46, -20.45, -0.00, 0.00, -0.00, 35.13, -27.99, -21.51, -0.00, 0.00, -0.00
0.00, 0.00, -26.00, 0.00, 0.00, 0.00, 14.25, 3.96, 55.12, -3.39, -37.56, 0.00, 0.11, 0.01, 33.98, -27.84, -21.71, -0.00, 0.00, -0.00, 35.03, -27.94, -21.57, -0.00, 0.00, -0.00
0.00, 0.00, -25.00, 0.00, 0.00, 0.00, 14.13, 3.96, 55.23, -3.36, -37.77, -0.00, 0.10, 0.01, 34.08, -27.84, -21.98, 0.00, -0.01, 0.00, 34.95, -27.90, -21.64, 0.00, -0.01, 0.00
0.00, 0.00, -24.00, 0.00, 0.00, 0.00, 14.50, 3.96, 55.13, -3.35, -37.61, 0.00, 0.10, 0.01, 33.96, -27.86, -21.91, -0.00, -0.00, -0.00, 34.87, -27.89, -21.69, -0.00, -0.00, -0.00
0.00, 0.00, -23.00, 0.00, 0.00, 0.00, 14.63, 3.96, 54.90, -3.33, -37.66, -0.00, 0.10, 0.01, 33.70, -27.86, -22.01, -0.00, -0.00, -0.00, 34.77, -27.89, -21.76, -0.00, -0.00, -0.00
0.00, 0.00, -22.00, 0.00, 0.00, 0.00, 14.38, 3.96, 54.94, -3.38, -36.90, -0.00, 0.10, 0.01, 33.69, -27.90, -21.21, 0.00, -0.00, -0.00, 34.69, -27.91, -21.76, 0.00, -0.00, -0.00
0.00, 0.00, -21.00, 0.00, 0.00, 0.00, 14.13, 3.96, 54.57, -3.33, -36.73, 0.00, 0.10, 0.01, 33.27, -27.85, -21.00, -0.00, -0.00, -0.00, 34.59, -27.92, -21.76, -0.00, -0.00, -0.00
0.00, 0.00, -20.00, 0.00, 0.00, 0.00, 14.25, 3.96, 55.04, -3.38, -37.05, -0.00, 0.10, 0.01, 33.70, -27.91, -21.36, 0.00, -0.00, -0.00, 34.53, -27.94, -21.77, 0.00, -0.00, -0.00
0.00, 0.00, -19.00, 0.00, 0.00, 0.00, 14.63, 3.96, 55.42, -3.79, -37.08, -0.00, 0.10, 0.01, 34.07, -28.36, -21.48, 0.00, -0.00, -0.00, 34.48, -28.10, -21.75, 0.00, -0.00, -0.00
0.00, 0.00, -18.00, 0.00, 0.00, 0.00, 14.50, 3.96, 55.28, -3.22, -37.56, -0.00, 0.10, 0.01, 33.88, -27.79, -21.95, 0.00, -0.00, -0.00, 34.44, -27.99, -21.79, 0.00, -0.00, -0.00
0.00, 0.00, -17.00, 0.00, 0.00, 0.00, 14.38, 3.96, 55.63, -3.38, -37.43, -0.00, 0.10, 0.01, 34.18, -27.95, -21.80, 0.00, -0.00, 0.00, 34.42, -27.98, -21.81, 0.00, -0.00, 0.00
0.00, 0.00, -16.00, 0.00, 0.00, 0.00, 14.25, 3.96, 55.66, -3.26, -37.42, 0.00, 0.10, 0.01, 34.16, -27.83, -21.78, -0.01, -0.00, -0.00, 34.40, -27.93, -21.82, -0.01, -0.00, -0.00
0.00, 0.00, -15.00, 0.00, 0.00, 0.00, 14.00, 3.96, 55.01, -3.64, -36.79, 0.00, 0.10, 0.01, 33.46, -28.20, -21.11, -0.00, -0.00, -0.00, 34.33, -28.05, -21.80, -0.00, -0.00, -0.00
0.00, 0.00, -14.00, 0.00, 0.00, 0.00, 14.25, 3.96, 54.69, -3.30, -37.74, 0.00, 0.10, 0.01, 33.12, -27.90, -22.12, -0.00, -0.01, -0.00, 34.23, -28.00, -21.87, -0.00, -0.01, -0.00
0.00, 0.00, -13.00, 0.00, 0.00, 0.00, 14.50, 3.96, 55.25, -3.55, -37.59, -0.00, 0.10, 0.01, 33.65, -28.17, -22.04, 0.00, -0.00, -0.00, 34.17, -28.06, -21.89, 0.00, -0.00, -0.00
0.00, 0.00, -12.00, 0.00, 0.00, 0.00, 14.25, 3.96, 55.23, -3.55, -37.75, 0.00, 0.10, 0.01, 33.58, -28.17, -22.16, -0.00, -0.00, -0.00, 34.12, -28.10, -21.93, -0.00, -0.00, -0.00
0.00, 0.00, -11.00, 0.00, 0.00, 0.00, 14.13, 3.96, 54.71, -3.64, -36.83, 0.00, 0.11, 0.01, 33.01, -28.26, -21.23, -0.00, 0.00, -0.00, 34.04, -28.18, -21.91, -0.00, 0.00, -0.00
0.00, 0.00, -10.00, 0.00, 0.00, 0.00, 14.25, 3.96, 54.82, -3.03, -36.89, 0.00, 0.10, 0.01, 33.10, -27.67, -21.35, -0.00, -0.01, -0.00, 33.99, -28.02, -21.93, -0.00, -0.01, -0.00
0.00, 0.00, -9.00, 0.00, 0.00, 0.00, 14.63, 3.96, 54.52, -3.60, -37.21, 0.00, 0.10, 0.01, 32.75, -28.24, -21.66, -0.00, -0.00, -0.00, 33.88, -28.12, -21.95, -0.00, -0.00, -0.00
0.00, 0.00, -8.00, 0.00, 0.00, 0.00, 14.25, 3.96, 54.27, -3.77, -37.12, -0.00, 0.10, 0.01, 32.46, -28.43, -21.59, 0.00, -0.00, -0.00, 33.76, -28.25, -21.96, 0.00, -0.00, -0.00
0.00, 0.00, -7.00, 0.00, 0.00, 0.00, 14.13, 3.96, 55.16, -3.19, -37.39, 0.00, 0.10, 0.01, 33.31, -27.84, -21.84, -0.00, -0.00, -0.00, 33.74, -28.11, -21.99, -0.00, -0.00, -0.00
0.00, 0.00, -6.00, 0.00, 0.00, 0.00, 14.63, 3.96, 54.52, -3.05, -37.05, 0.00, 0.11, 0.01, 32.66, -27.76, -21.62, -0.00, 0.00, 0.00, 33.67, -28.01, -22.02, -0.00, 0.00, 0.00
0.00, 0.00, -5.00, 0.00, 0.00, 0.00, 14.50, 3.96, 54.63, -3.57, -37.31, -0.00, 0.10, 0.01, 32.73, -28.27, -21.87, 0.00, -0.00, -0.00, 33.59, -28.11, -22.03, 0.00, -0.00, -0.00
0.00, 0.00, -4.00, 0.00, 0.00, 0.00, 14.38, 3.96, 55.17, -3.27, -36.85, 0.00, 0.10, 0.01, 33.22, -27.98, -21.38, -0.00, -0.00, -0.00, 33.57, -28.08, -22.01, -0.00, -0.00, -0.00
0.00, 0.00, -3.00, 0.00, 0.00, 0.00, 14.38, 3.96, 54.74, -3.30, -37.50, -0.00, 0.10, 0.01, 32.75, -28.02, -22.05, 0.00, -0.01, -0.00, 33.51, -28.07, -22.04, 0.00, -0.01, -0.00
0.00, 0.00, -2.00, 0.00, 0.00, 0.00, 14.50, 3.96, 54.75, -3.77, -37.84, 0.00, 0.10, 0.01, 32.73, -28.51, -22.43, -0.00, -0.00, -0.00, 33.42, -28.22, -22.08, -0.00, -0.00, -0.00
0.00, 0.00, -1.00, 0.00, 0.00, 0.00, 14.00, 3.96, 54.46, -3.60, -37.43, 0.00, 0.10, 0.01, 32.37, -28.31, -21.93, -0.00, -0.00, -0.00, 33.34, -28.27, -22.10, -0.00, -0.00, -0.00
0.00, 0.00, 0.00, 0.00, 0.00, 0.00, 14.00, 3.96, 54.06, -3.79, -38.09, 0.00, 0.10, 0.01, 31.93, -28.51, -22.60, -0.00, -0.01, -0.00, 33.20, -28.35, -22.17, -0.00, -0.01, -0.00
0.00, 0.00, 1.00, 0.00, 0.00, 0.00, 14.25, 3.96, 53.74, -3.32, -37.33, -0.00, 0.10, 0.01, 31.59, -28.07, -21.90, -0.00, -0.00, 0.00, 33.08, -28.27, -22.22, -0.00, -0.00, 0.00
0.00, 0.00, 2.00, 0.00, 0.00, 0.00, 14.00, 3.96, 54.38, -2.94, -37.96, 0.00, 0.10, 0.01, 32.18, -27.68, -22.49, -0.00, -0.00, -0.00, 33.02, -28.06, -22.30, -0.00, -0.00, -0.00
0.00, 0.00, 3.00, 0.00, 0.00, 0.00, 14.25, 3.96, 54.47, -3.67, -37.75, 0.00, 0.10, 0.01, 32.24, -28.44, -22.35, -0.00, -0.00, -0.00, 32.94, -28.21, -22.31, -0.01, -0.00, -0.00
0.00, 0.00, 4.00, 0.00, 0.00, 0.00, 14.38, 3.96, 53.90, -3.33, -37.23, 0.00, 0.10, 0.01, 31.64, -28.13, -21.86, -0.00, -0.00, -0.00, 32.85, -28.20, -22.33, -0.00, -0.00, -0.00
0.00, 0.00, 5.00, 0.00, 0.00, 0.00, 14.25, 3.96, 53.84, -3.89, -37.65, 0.00, 0.10, 0.01, 31.54, -28.68, -22.27, -0.00, -0.00, -0.00, 32.73, -28.39, -22.35, -0.00, -0.00, -0.00
0.00, 0.00, 6.00, 0.00, 0.00, 0.00, 14.13, 3.96, 54.27, -3.89, -37.77, -0.00, 0.10, 0.01, 31.91, -28.68, -22.37, 0.00, -0.00, -0.00, 32.65, -28.50, -22.37, 0.00, -0.00, -0.00
0.00, 0.00, 7.00, 0.00, 0.00, 0.00, 14.38, 3.96, 54.17, -3.38, -38.03, 0.00, 0.11, 0.01, 31.79, -28.20, -22.70, -0.00, 0.00, -0.00, 32.58, -28.39, -22.43, -0.00, 0.00, -0.00
0.00, 0.00, 8.00, 0.00, 0.00, 0.00, 14.38, 3.96, 53.32, -3.84, -36.77, 0.01, 0.10, 0.01, 30.88, -28.65, -21.38, -0.01, -0.00, -0.00, 32.45, -28.53, -22.41, -0.01, -0.00, -0.00
0.00, 0.00, 9.00, 0.00, 0.00, 0.00, 14.25, 3.96, 54.03, -3.64, -37.93, 0.01, 0.10, 0.01, 31.59, -28.50, -22.64, -0.01, 0.00, 0.00, 32.38, -28.52, -22.46, -0.01, -0.00, 0.00
0.00, 0.00, 10.00, 0.00, 0.00, 0.00, 14.38, 3.96, 53.64, -3.68, -37.55, 0.00, 0.10, 0.01, 31.15, -28.54, -22.25, -0.00, -0.01, -0.00, 32.28, -28.54, -22.49, -0.00, -0.01, -0.00
0.00, 0.00, 11.00, 0.00, 0.00, 0.00, 14.38, 3.96, 53.51, -3.80, -38.48, -0.00, 0.10, 0.01, 30.98, -28.67, -23.20, 0.00, -0.00, -0.00, 32.15, -28.58, -22.57, 0.00, -0.00, -0.00
0.00, 0.00, 12.00, 0.00, 0.00, 0.00, 14.25, 3.96, 53.13, -3.27, -37.71, 0.00, 0.10, 0.01, 30.55, -28.15, -22.41, -0.00, -0.01, -0.00, 32.03, -28.44, -22.64, -0.00, -0.01, -0.00
0.00, 0.00, 13.00, 0.00, 0.00, 0.00, 14.38, 3.96, 53.24, -3.14, -38.13, -0.00, 0.10, 0.01, 30.64, -28.03, -22.87, 0.00, -0.01, -0.00, 31.92, -28.30, -22.72, 0.00, -0.01, -0.00
0.00, 0.00, 14.00, 0.00, 0.00, 0.00, 14.50, 3.96, 52.81, -3.77, -37.91, -0.00, 0.10, 0.01, 30.17, -28.68, -22.69, 0.00, -0.00, -0.00, 31.76, -28.45, -22.76, 0.00, -0.00, -0.00
0.00, 0.00, 15.00, 0.00, 0.00, 0.00, 14.50, 3.96, 52.21, -3.96, -38.22, 0.00, 0.10, 0.01, 29.53, -28.88, -23.00, -0.00, -0.00, -0.00, 31.56, -28.62, -22.83, -0.00, -0.00, -0.00
0.00, 0.00, 16.00, 0.00, 0.00, 0.00, 14.50, 3.96, 53.13, -4.21, -38.21, 0.00, 0.10, 0.01, 30.41, -29.14, -23.00, -0.00, -0.00, -0.00, 31.45, -28.81, -22.85, -0.00, -0.00, -0.00
0.00, 0.00, 17.00, 0.00, 0.00, 0.00, 14.38, 3.96, 53.11, -3.90, -37.21, 0.00, 0.10, 0.01, 30.35, -28.84, -21.99, -0.00, -0.00, -0.00, 31.37, -28.85, -22.84, -0.00, -0.00, -0.00
0.00, 0.00, 18.00, 0.00, 0.00, 0.00, 14.38, 3.96, 53.70, -3.62, -37.61, 0.00, 0.10, 0.01, 30.90, -28.57, -22.40, -0.00, -0.00, -0.00, 31.34, -28.77, -22.84, -0.00, -0.00, -0.00
0.00, 0.00, 19.00, 0.00, 0.00, 0.00, 14.25, 3.96, 53.73, -3.67, -38.10, 0.00, 0.10, 0.01, 30.88, -28.62, -22.88, -0.00, -0.00, -0.00, 31.31, -28.72, -22.86, -0.00, -0.00, -0.00
0.00, 0.00, 20.00, 0.00, 0.00, 0.00, 14.38, 3.96, 53.38, -3.46, -37.53, 0.00, 0.10, 0.01, 30.50, -28.44, -22.34, -0.00, -0.01, -0.00, 31.26, -28.64, -22.87, -0.00, -0.01, -0.00
0.00, 0.00, 21.00, 0.00, 0.00, 0.00, 14.38, 3.96, 53.24, -3.81, -36.98, 0.00, 0.11, 0.01, 30.33, -28.80, -21.80, -0.00, 0.00, -0.00, 31.19, -28.73, -22.83, -0.00, 0.00, -0.00
0.00, 0.00, 22.00, 0.00, 0.00, 0.00, 14.38, 3.96, 52.65, -4.06, -38.21, -0.00, 0.10, 0.01, 29.69, -29.06, -23.04, 0.00, -0.01, -0.00, 31.05, -28.85, -22.88, -0.00, -0.01, -0.00
0.00, 0.00, 23.00, 0.00, 0.00, 0.00, 14.13, 3.96, 52.89, -3.81, -37.85, -0.00, 0.10, 0.01, 29.88, -28.80, -22.64, 0.00, -0.00, -0.00, 30.96, -28.85, -22.91, 0.00, -0.00, -0.00
0.00, 0.00, 24.00, 0.00, 0.00, 0.00, 14.38, 3.96, 52.81, -3.61, -37.55, 0.00, 0.10, 0.01, 29.78, -28.63, -22.40, -0.00, -0.00, 0.00, 30.88, -28.79, -22.92, -0.00, -0.00, -0.00
0.00, 0.00, 25.00, 0.00, 0.00, 0.00, 14.25, 3.96, 53.10, -3.58, -37.85, -0.01, 0.10, 0.01, 30.03, -28.61, -22.71, 0.01, -0.00, -0.00, 30.81, -28.74, -22.95, 0.00, -0.00, -0.00
0.00, 0.00, 26.00, 0.00, 0.00, 0.00, 14.38, 3.96, 53.08, -4.05, -37.43, 0.00, 0.10, 0.01, 29.98, -29.09, -22.30, -0.00, -0.00, -0.00, 30.74, -28.89, -22.92, -0.00, -0.01, -0.00
0.00, 0.00, 27.00, 0.00, 0.00, 0.00, 14.50, 3.96, 53.20, -4.00, -36.83, -0.00, 0.10, 0.01, 30.05, -29.06, -21.71, 0.00, -0.01, -0.00, 30.70, -28.98, -22.86, 0.00, -0.01, -0.00
0.00, 0.00, 28.00, 0.00, 0.00, 0.00, 14.50, 3.96, 52.70, -3.84, -37.94, 0.00, 0.10, 0.01, 29.53, -28.92, -22.86, -0.00, -0.01, -0.00, 30.60, -28.97, -22.90, -0.01, -0.01, -0.00
0.00, 0.00, 29.00, 0.00, 0.00, 0.00, 14.38, 3.96, 52.48, -3.42, -37.78, 0.00, 0.10, 0.01, 29.26, -28.50, -22.68, -0.00, -0.00, 0.00, 30.50, -28.82, -22.96, -0.00, -0.00, 0.00
0.00, 0.00, 30.00, 0.00, 0.00, 0.00, 14.63, 3.96, 53.07, -3.65, -38.70, -0.00, 0.10, 0.01, 29.82, -28.76, -23.66, 0.00, -0.00, 0.00, 30.43, -28.78, -23.03, 0.00, -0.00, 0.00
0.00, 0.00, 31.00, 0.00, 0.00, 0.00, 14.38, 3.96, 52.98, -3.39, -38.42, -0.00, 0.10, 0.01, 29.68, -28.49, -23.34, 0.00, -0.00, -0.00, 30.37, -28.68, -23.09, 0.00, -0.00, -0.00
0.00, 0.00, 32.00, 0.00, 0.00, 0.00, 14.13, 3.96, 52.08, -3.80, -37.69, 0.00, 0.10, 0.01, 28.72, -28.89, -22.57, -0.00, -0.00, -0.00, 30.24, -28.78, -23.10, -0.00, -0.00, -0.00
0.00, 0.00, 33.00, 0.00, 0.00, 0.00, 14.25, 3.96, 52.67, -3.95, -37.49, 0.01, 0.10, 0.01, 29.29, -29.06, -22.40, -0.01, -0.00, -0.00, 30.16, -28.90, -23.07, -0.01, -0.00, -0.00
0.00, 0.00, 34.00, 0.00, 0.00, 0.00, 14.38, 3.96, 52.84, -3.61, -38.26, 0.00, 0.11, 0.01, 29.42, -28.75, -23.21, -0.00, 0.00, -0.00, 30.10, -28.85, -23.12, -0.00, 0.00, -0.00
0.00, 0.00, 35.00, 0.00, 0.00, 0.00, 14.13, 3.96, 53.26, -3.90, -37.56, -0.00, 0.10, 0.01, 29.79, -29.03, -22.47, 0.00, -0.00, -0.00, 30.08, -28.93, -23.08, 0.00, -0.00, -0.00
0.00, 0.00, 36.00, 0.00, 0.00, 0.00, 14.50, 3.96, 53.01, -3.70, -38.57, 0.00, 0.10, 0.01, 29.53, -28.87, -23.56, -0.00, 0.00, -0.00, 30.03, -28.90, -23.13, -0.00, 0.00, -0.00
0.00, 0.00, 37.00, 0.00, 0.00, 0.00, 14.25, 3.96, 52.89, -3.90, -37.94, 0.00, 0.10, 0.01, 29.36, -29.06, -22.89, -0.00, -0.00, -0.00, 29.97, -28.97, -23.13, -0.00, -0.00, -0.00
0.00, 0.00, 38.00, 0.00, 0.00, 0.00, 14.13, 3.96, 52.03, -3.93, -37.91, 0.00, 0.10, 0.01, 28.45, -29.10, -22.84, -0.00, -0.00, -0.00, 29.84, -29.03, -23.16, -0.00, -0.00, -0.00
0.00, 0.00, 39.00, 0.00, 0.00, 0.00, 14.38, 3.96, 51.78, -4.25, -38.94, -0.00, 0.10, 0.01, 28.18, -29.45, -23.93, 0.00, -0.00, -0.00, 29.67, -29.17, -23.24, -0.00, -0.00, -0.00
0.00, 0.00, 40.00, 0.00, 0.00, 0.00, 14.38, 3.96, 51.86, -4.05, -38.16, 0.00, 0.10, 0.01, 28.21, -29.26, -23.16, -0.00, -0.00, -0.00, 29.55, -29.21, -23.28, -0.00, -0.00, -0.00
0.00, 0.00, 41.00, 0.00, 0.00, 0.00, 14.13, 3.96, 52.03, -3.87, -38.88, 0.00, 0.10, 0.01, 28.33, -29.08, -23.83, -0.00, -0.00, -0.00, 29.44, -29.16, -23.36, -0.00, -0.00, -0.00
0.00, 0.00, 42.00, 0.00, 0.00, 0.00, 14.75, 3.96, 52.35, -3.77, -38.13, 0.00, 0.10, 0.01, 28.66, -29.03, -23.23, -0.00, -0.00, -0.00, 29.37, -29.12, -23.39, -0.00, -0.00, -0.00
0.00, 0.00, 43.00, 0.00, 0.00, 0.00, 14.38, 3.96, 52.92, -3.35, -38.35, 0.00, 0.10, 0.01, 29.16, -28.59, -23.38, -0.00, -0.00, -0.00, 29.37, -28.93, -23.42, -0.00, -0.00, -0.00
0.00, 0.00, 44.00, 0.00, 0.00, 0.00, 14.25, 3.96, 52.48, -3.58, -38.89, -0.00, 0.10, 0.01, 28.67, -28.82, -23.87, 0.00, -0.01, -0.00, 29.30, -28.88, -23.48, 0.00, -0.01, -0.00
0.00, 0.00, 45.00, 0.00, 0.00, 0.00, 14.13, 3.96, 52.15, -3.79, -38.22, 0.00, 0.10, 0.01, 28.31, -29.05, -23.26, -0.00, -0.00, -0.00, 29.22, -28.96, -23.49, -0.00, -0.00, -0.00
0.00, 0.00, 46.00, 0.00, 0.00, 0.00, 14.38, 3.96, 51.71, -4.37, -37.78, 0.00, 0.10, 0.01, 27.84, -29.65, -22.83, -0.00, 0.00, -0.00, 29.09, -29.23, -23.46, -0.00, 0.00, -0.00
0.00, 0.00, 47.00, 0.00, 0.00, 0.00, 14.25, 3.96, 51.89, -4.12, -38.64, 0.00, 0.10, 0.01, 27.96, -29.41, -23.68, -0.00, -0.01, 0.00, 28.99, -29.29, -23.50, -0.01, -0.01, 0.00
0.00, 0.00, 48.00, 0.00, 0.00, 0.00, 14.50, 3.96, 51.33, -3.79, -38.97, -0.00, 0.10, 0.01, 27.39, -29.10, -24.06, 0.00, -0.00, -0.00, 28.84, -29.22, -23.60, 0.00, -0.00, -0.00
0.00, 0.00, 49.00, 0.00, 0.00, 0.00, 14.38, 3.96, 51.27, -3.43, -38.26, -0.00, 0.11, 0.01, 27.28, -28.75, -23.34, 0.00, 0.00, -0.00, 28.72, -29.07, -23.66, 0.00, 0.00, -0.00
0.00, 0.00, 50.00, 0.00, 0.00, 0.00, 14.00, 3.96, 51.70, -4.25, -38.95, 0.00, 0.10, 0.01, 27.65, -29.56, -23.95, -0.00, -0.00, -0.00, 28.61, -29.24, -23.69, -0.00, -0.00, -0.00
0.00, 0.00, 51.00, 0.00, 0.00, 0.00, 14.50, 3.96, 52.41, -3.60, -38.41, 0.00, 0.10, 0.01, 28.35, -28.95, -23.52, -0.00, -0.00, -0.00, 28.60, -29.14, -23.70, -0.01, -0.00, -0.00
0.00, 0.00, 52.00, 0.00, 0.00, 0.00, 14.13, 3.96, 52.10, -3.61, -38.34, -0.01, 0.09, 0.01, 27.99, -28.95, -23.38, 0.01, -0.01, -0.00, 28.56, -29.09, -23.72, 0.01, -0.01, -0.00
0.00, 0.00, 53.00, 0.00, 0.00, 0.00, 14.38, 3.96, 52.18, -4.25, -39.11, -0.00, 0.10, 0.01, 28.04, -29.62, -24.21, 0.00, -0.00, -0.00, 28.49, -29.27, -23.74, 0.00, -0.00, -0.00
0.00, 0.00, 54.00, 0.00, 0.00, 0.00, 14.38, 3.96, 51.42, -3.81, -38.22, 0.00, 0.10, 0.01, 27.24, -29.20, -23.33, -0.00, -0.01, -0.00, 28.39, -29.26, -23.76, -0.00, -0.01, -0.00
0.00, 0.00, 55.00, 0.00, 0.00, 0.00, 14.75, 3.96, 51.45, -3.81, -38.61, 0.01, 0.10, 0.01, 27.26, -29.23, -23.81, -0.01, -0.00, -0.00, 28.29, -29.26, -23.80, -0.01, -0.00, -0.00
0.00, 0.00, 56.00, 0.00, 0.00, 0.00, 14.50, 3.96, 50.94, -3.20, -38.21, -0.00, 0.10, 0.01, 26.69, -28.62, -23.36, 0.00, -0.00, -0.00, 28.18, -29.05, -23.86, 0.00, -0.00, -0.00
0.00, 0.00, 57.00, 0.00, 0.00, 0.00, 14.13, 3.96, 51.15, -3.60, -38.59, 0.00, 0.10, 0.01, 26.85, -29.00, -23.67, -0.00, -0.00, -0.00, 28.07, -29.05, -23.89, -0.01, -0.00, -0.00
0.00, 0.00, 58.00, 0.00, 0.00, 0.00, 14.38, 3.96, 51.27, -3.81, -38.57, -0.00, 0.10, 0.01, 26.94, -29.25, -23.71, 0.00, -0.01, -0.00, 27.97, -29.13, -23.91, 0.00, -0.01, -0.00
0.00, 0.00, 59.00, 0.00, 0.00, 0.00, 14.25, 3.96, 51.46, -3.90, -38.98, 0.00, 0.10, 0.01, 27.09, -29.34, -24.10, -0.00, -0.01, -0.00, 27.88, -29.20, -23.94, -0.00, -0.01, -0.00
0.00, 0.00, 60.00, 0.00, 0.00, 0.00, 14.25, 3.96, 51.91, -3.76, -39.20, -0.01, 0.10, 0.01, 27.50, -29.20, -24.33, 0.00, -0.00, -0.00, 27.84, -29.19, -23.98, 0.00, -0.00, -0.00
0.00, 0.00, 61.00, 0.00, 0.00, 0.00, 14.13, 3.96, 52.13, -3.60, -39.54, 0.01, 0.10, 0.01, 27.67, -29.05, -24.64, -0.01, -0.00, -0.00, 27.82, -29.13, -24.03, -0.01, -0.00, -0.00
0.00, 0.00, 62.00, 0.00, 0.00, 0.00, 14.63, 3.96, 51.55, -3.42, -38.37, -0.00, 0.10, 0.01, 27.08, -28.92, -23.59, 0.00, -0.00, -0.00, 27.76, -29.07, -24.04, 0.00, -0.00, -0.00
0.00, 0.00, 63.00, 0.00, 0.00, 0.00, 14.00, 3.96, 51.13, -3.60, -38.76, -0.00, 0.10, 0.01, 26.59, -29.07, -23.88, 0.00, -0.00, -0.00, 27.67, -29.08, -24.07, 0.00, -0.00, -0.00
0.00, 0.00, 64.00, 0.00, 0.00, 0.00, 14.38, 3.96, 50.95, -3.36, -39.01, 0.00, 0.10, 0.01, 26.39, -28.87, -24.19, -0.00, -0.00, -0.00, 27.56, -29.01, -24.13, -0.00, -0.00, -0.00
0.00, 0.00, 65.00, 0.00, 0.00, 0.00, 13.88, 3.96, 50.39, -3.73, -39.08, 0.01, 0.10, 0.01, 25.77, -29.21, -24.17, -0.01, -0.00, -0.00, 27.40, -29.09, -24.18, -0.01, -0.00, -0.00
0.00, 0.00, 66.00, 0.00, 0.00, 0.00, 14.38, 3.96, 50.12, -3.95, -38.40, -0.00, 0.10, 0.01, 25.48, -29.48, -23.59, 0.00, -0.01, -0.00, 27.23, -29.25, -24.18, -0.00, -0.01, -0.00
0.00, 0.00, 67.00, 0.00, 0.00, 0.00, 14.25, 3.96, 50.12, -3.51, -38.85, 0.00, 0.10, 0.01, 25.44, -29.05, -24.02, -0.00, -0.00, -0.00, 27.08, -29.19, -24.24, -0.00, -0.00, -0.00
0.00, 0.00, 68.00, 0.00, 0.00, 0.00, 14.25, 3.96, 51.18, -4.05, -38.57, 0.00, 0.10, 0.01, 26.47, -29.60, -23.75, -0.00, -0.00, -0.00, 27.03, -29.35, -24.21, -0.00, -0.00, -0.00
0.00, 0.00, 69.00, 0.00, 0.00, 0.00, 14.13, 3.96, 51.46, -3.71, -38.66, -0.00, 0.10, 0.01, 26.70, -29.27, -23.82, 0.00, -0.00, -0.00, 27.01, -29.34, -24.20, 0.00, -0.00, -0.00
0.00, 0.00, 70.00, 0.00, 0.00, 0.00, 14.50, 3.96, 51.48, -3.49, -38.95, 0.00, 0.10, 0.01, 26.70, -29.09, -24.19, -0.00, -0.00, -0.00, 26.99, -29.25, -24.22, -0.00, -0.00, -0.00
0.00, 0.00, 71.00, 0.00, 0.00, 0.00, 14.25, 3.96, 51.33, -3.84, -38.16, 0.00, 0.10, 0.01, 26.50, -29.44, -23.36, -0.00, -0.00, -0.00, 26.95, -29.34, -24.18, -0.00, -0.00, -0.00
0.00, 0.00, 72.00, 0.00, 0.00, 0.00, 14.38, 3.96, 50.73, -3.68, -39.20, 0.00, 0.10, 0.01, 25.87, -29.30, -24.43, -0.00, -0.01, -0.00, 26.85, -29.32, -24.23, -0.00, -0.01, -0.00
0.00, 0.00, 73.00, 0.00, 0.00, 0.00, 14.38, 3.96, 50.38, -3.27, -39.20, 0.01, 0.09, 0.01, 25.48, -28.90, -24.44, -0.01, -0.01, -0.00, 26.74, -29.18, -24.31, -0.01, -0.01, -0.00
0.00, 0.00, 74.00, 0.00, 0.00, 0.00, 14.38, 3.95, 50.25, -3.61, -39.94, 0.00, 0.10, 0.01, 25.31, -29.25, -25.19, -0.00, -0.01, -0.00, 26.59, -29.18, -24.41, -0.00, -0.01, -0.00
0.00, 0.00, 75.00, 0.00, 0.00, 0.00, 14.38, 3.96, 50.07, -3.41, -39.48, -0.00, 0.11, 0.01, 25.10, -29.06, -24.72, -0.00, 0.00, -0.00, 26.46, -29.14, -24.48, -0.00, 0.00, -0.00
0.00, 0.00, 76.00, 0.00, 0.00, 0.00, 14.63, 3.95, 49.52, -3.38, -39.40, 0.00, 0.10, 0.01, 24.52, -29.06, -24.71, -0.00, -0.00, -0.00, 26.29, -29.11, -24.56, -0.00, -0.00, -0.00
0.00, 0.00, 77.00, 0.00, 0.00, 0.00, 14.38, 3.95, 50.44, -3.89, -39.46, 0.00, 0.10, 0.01, 25.39, -29.57, -24.72, -0.00, -0.00, -0.00, 26.20, -29.27, -24.58, -0.00, -0.00, -0.00
0.00, 0.00, 78.00, 0.00, 0.00, 0.00, 13.88, 3.95, 51.02, -3.93, -39.68, 0.00, 0.10, 0.01, 25.91, -29.59, -24.84, -0.00, -0.00, -0.00, 26.16, -29.38, -24.59, -0.00, -0.00, -0.00
0.00, 0.00, 79.00, 0.00, 0.00, 0.00, 14.38, 3.95, 50.95, -3.89, -38.94, -0.00, 0.10, 0.01, 25.83, -29.60, -24.20, 0.00, -0.00, -0.00, 26.13, -29.47, -24.56, 0.00, -0.00, -0.00
0.00, 0.00, 80.00, 0.00, 0.00, 0.00, 14.25, 3.95, 51.10, -3.77, -39.30, -0.00, 0.10, 0.01, 25.92, -29.47, -24.52, 0.00, -0.00, -0.00, 26.11, -29.47, -24.57, -0.00, -0.00, -0.00
0.00, 0.00, 81.00, 0.00, 0.00, 0.00, 14.50, 3.95, 50.23, -3.54, -40.18, -0.00, 0.10, 0.01, 25.04, -29.27, -25.46, 0.00, -0.01, 0.00, 26.01, -29.38, -24.67, 0.00, -0.01, 0.00
0.00, 0.00, 82.00, 0.00, 0.00, 0.00, 14.25, 3.95, 49.66, -3.89, -37.91, -0.00, 0.10, 0.01, 24.43, -29.64, -23.20, 0.00, -0.00, -0.00, 25.89, -29.52, -24.61, -0.00, -0.01, -0.00
0.00, 0.00, 83.00, 0.00, 0.00, 0.00, 14.25, 3.95, 49.68, -3.55, -39.17, 0.00, 0.11, 0.01, 24.40, -29.30, -24.43, -0.00, 0.00, -0.00, 25.76, -29.45, -24.66, -0.00, 0.00, -0.00
0.00, 0.00, 84.00, 0.00, 0.00, 0.00, 14.38, 3.95, 49.31, -3.92, -38.66, 0.00, 0.10, 0.01, 24.00, -29.69, -23.95, -0.00, -0.01, -0.00, 25.61, -29.57, -24.66, -0.01, -0.01, -0.00
0.00, 0.00, 85.00, 0.00, 0.00, 0.00, 14.13, 3.95, 49.43, -3.96, -38.72, 0.01, 0.10, 0.01, 24.06, -29.73, -23.96, -0.01, -0.00, -0.00, 25.49, -29.65, -24.66, -0.01, -0.00, -0.00
0.00, 0.00, 86.00, 0.00, 0.00, 0.00, 14.25, 3.95, 50.35, -4.12, -39.08, -0.00, 0.10, 0.01, 24.96, -29.92, -24.36, 0.00, -0.01, -0.00, 25.44, -29.75, -24.64, -0.00, -0.01, -0.00
0.00, 0.00, 87.00, 0.00, 0.00, 0.00, 14.38, 3.95, 51.37, -3.87, -39.08, 0.00, 0.10, 0.01, 25.95, -29.69, -24.39, -0.00, -0.01, -0.00, 25.49, -29.73, -24.61, -0.00, -0.01, -0.00
0.00, 0.00, 88.00, 0.00, 0.00, 0.00, 14.00, 3.95, 51.24, -4.15, -38.91, 0.00, 0.10, 0.01, 25.76, -29.96, -24.14, -0.00, -0.01, -0.00, 25.51, -29.82, -24.57, -0.00, -0.01, -0.00
0.00, 0.00, 89.00, 0.00, 0.00, 0.00, 14.63, 3.95, 50.18, -4.17, -39.55, 0.01, 0.10, 0.01, 24.69, -30.03, -24.92, -0.01, -0.00, 0.00, 25.43, -29.89, -24.60, -0.01, -0.00, 0.00
0.00, 0.00, 90.00, 0.00, 0.00, 0.00, 14.00, 3.95, 50.13, -3.61, -40.62, 0.00, 0.10, 0.01, 24.57, -29.44, -25.86, -0.00, -0.01, -0.00, 25.34, -29.70, -24.73, -0.00, -0.01, -0.00
0.00, 0.00, 91.00, 0.00, 0.00, 0.00, 14.38, 3.95, 49.84, -3.95, -38.75, 0.00, 0.10, 0.01, 24.26, -29.82, -24.07, -0.00, 0.00, 0.00, 25.25, -29.76, -24.72, -0.00, 0.00, 0.00
0.00, 0.00, 92.00, 0.00, 0.00, 0.00, 14.25, 3.95, 49.47, -4.24, -39.30, 0.00, 0.10, 0.01, 23.85, -30.12, -24.60, -0.00, -0.00, -0.00, 25.12, -29.90, -24.74, -0.00, -0.01, -0.00
0.00, 0.00, 93.00, 0.00, 0.00, 0.00, 14.25, 3.95, 49.20, -3.95, -38.78, 0.00, 0.10, 0.01, 23.54, -29.84, -24.08, -0.00, -0.00, -0.00, 24.99, -29.90, -24.75, -0.00, -0.00, -0.00
0.00, 0.00, 94.00, 0.00, 0.00, 0.00, 14.25, 3.95, 49.23, -4.24, -38.06, 0.01, 0.10, 0.01, 23.53, -30.15, -23.37, -0.01, -0.01, -0.00, 24.88, -30.03, -24.70, -0.01, -0.01, -0.00
0.00, 0.00, 95.00, 0.00, 0.00, 0.00, 14.25, 3.95, 49.88, -4.47, -39.81, 0.00, 0.11, 0.01, 24.16, -30.39, -25.13, -0.00, 0.00, -0.00, 24.80, -30.15, -24.73, -0.00, 0.00, -0.00
0.00, 0.00, 96.00, 0.00, 0.00, 0.00, 14.13, 3.95, 50.16, -3.70, -38.73, -0.00, 0.10, 0.01, 24.39, -29.62, -24.02, 0.00, -0.00, -0.00, 24.78, -29.98, -24.73, 0.00, -0.00, -0.00
0.00, 0.00, 97.00, 0.00, 0.00, 0.00, 14.13, 3.95, 50.58, -4.24, -39.56, 0.00, 0.10, 0.01, 24.77, -30.18, -24.86, -0.00, -0.00, -0.00, 24.78, -30.05, -24.73, -0.00, -0.00, -0.00
0.00, 0.00, 98.00, 0.00, 0.00, 0.00, 14.50, 3.95, 49.99, -3.86, -39.52, 0.00, 0.10, 0.01, 24.15, -29.83, -24.87, -0.00, -0.01, 0.00, 24.72, -29.97, -24.77, -0.00, -0.01, 0.00
0.00, 0.00, 99.00, 0.00, 0.00, 0.00, 13.88, 3.95, 49.27, -4.17, -38.50, 0.00, 0.10, 0.01, 23.40, -30.15, -23.85, -0.00, -0.00, 0.00, 24.62, -30.06, -24.74, -0.00, -0.00, 0.00
0.00, 0.00, 100.00, 0.00, 0.00, 0.00, 14.50, 3.95, 48.57, -4.62, -39.04, 0.00, 0.10, 0.01, 22.65, -30.61, -24.37, -0.00, -0.00, -0.00, 24.43, -30.27, -24.75, -0.00, -0.00, -0.00
0.00, 0.00, 101.00, 0.00, 0.00, 0.00, 14.13, 3.95, 48.49, -4.22, -38.07, 0.00, 0.10, 0.01, 22.53, -30.22, -23.38, -0.00, -0.00, -0.00, 24.29, -30.30, -24.73, -0.01, -0.00, -0.00
0.00, 0.00, 102.00, 0.00, 0.00, 0.00, 14.50, 3.95, 48.54, -4.11, -39.18, 0.00, 0.10, 0.01, 22.57, -30.14, -24.57, -0.00, -0.00, -0.00, 24.14, -30.25, -24.78, -0.00, -0.00, -0.00
0.00, 0.00, 103.00, 0.00, 0.00, 0.00, 14.13, 3.95, 49.62, -4.05, -39.73, 0.00, 0.10, 0.01, 23.58, -30.07, -25.04, -0.00, -0.01, -0.00, 24.09, -30.18, -24.82, -0.00, -0.01, -0.00
0.00, 0.00, 104.00, 0.00, 0.00, 0.00, 14.38, 3.95, 49.93, -4.62, -39.61, 0.00, 0.10, 0.01, 23.87, -30.68, -24.98, -0.00, -0.00, 0.00, 24.05, -30.35, -24.81, -0.00, -0.00, 0.00
0.00, 0.00, 105.00, 0.00, 0.00, 0.00, 14.25, 3.95, 49.90, -4.52, -39.46, 0.00, 0.10, 0.01, 23.80, -30.58, -24.81, -0.00, -0.00, 0.00, 24.03, -30.43, -24.81, -0.00, -0.00, 0.00
0.00, 0.00, 106.00, 0.00, 0.00, 0.00, 14.25, 3.95, 49.68, -4.79, -40.85, 0.01, 0.10, 0.01, 23.54, -30.87, -26.20, -0.01, -0.00, -0.00, 23.95, -30.55, -24.89, -0.01, -0.00, -0.00
0.00, 0.00, 107.00, 0.00, 0.00, 0.00, 14.38, 3.95, 48.71, -4.34, -39.96, 0.00, 0.10, 0.01, 22.55, -30.44, -25.34, -0.00, -0.00, 0.00, 23.81, -30.50, -24.97, -0.00, -0.00, 0.00
0.00, 0.00, 108.00, 0.00, 0.00, 0.00, 14.13, 3.95, 48.52, -3.76, -40.78, 0.00, 0.10, 0.01, 22.30, -29.85, -26.11, -0.00, 0.00, -0.00, 23.66, -30.24, -25.12, -0.00, 0.00, -0.00
0.00, 0.00, 109.00, 0.00, 0.00, 0.00, 14.38, 3.95, 47.90, -3.74, -39.37, -0.00, 0.10, 0.01, 21.65, -29.87, -24.76, 0.00, -0.00, -0.00, 23.50, -30.13, -25.18, 0.00, -0.00, -0.00
0.00, 0.00, 110.00, 0.00, 0.00, 0.00, 14.50, 3.95, 48.71, -4.33, -39.49, 0.01, 0.10, 0.01, 22.44, -30.48, -24.90, -0.01, -0.00, -0.00, 23.40, -30.26, -25.17, -0.01, -0.00, -0.00
0.00, 0.00, 111.00, 0.00, 0.00, 0.00, 14.38, 3.95, 48.86, -4.50, -39.74, 0.01, 0.10, 0.01, 22.54, -30.66, -25.13, -0.01, -0.00, -0.00, 23.31, -30.41, -25.17, -0.01, -0.00, -0.00
0.00, 0.00, 112.00, 0.00, 0.00, 0.00, 14.13, 3.95, 49.68, -3.99, -40.05, -0.00, 0.11, 0.01, 23.31, -30.15, -25.39, 0.00, 0.00, -0.00, 23.31, -30.31, -25.20, 0.00, 0.00, -0.00
0.00, 0.00, 113.00, 0.00, 0.00, 0.00, 14.50, 3.95, 50.13, -4.38, -40.11, 0.01, 0.10, 0.01, 23.75, -30.58, -25.52, -0.01, -0.00, 0.00, 23.35, -30.39, -25.19, -0.01, -0.00, 0.00
0.00, 0.00, 114.00, 0.00, 0.00, 0.00, 14.13, 3.95, 49.40, -4.09, -40.11, 0.00, 0.10, 0.01, 22.96, -30.28, -25.45, -0.00, -0.01, -0.00, 23.31, -30.35, -25.23, -0.00, -0.01, -0.00
0.00, 0.00, 115.00, 0.00, 0.00, 0.00, 14.25, 3.95, 49.05, -4.27, -39.59, 0.00, 0.10, 0.01, 22.58, -30.48, -24.96, -0.00, -0.00, -0.00, 23.24, -30.40, -25.23, -0.01, -0.00, -0.00
0.00, 0.00, 116.00, 0.00, 0.00, 0.00, 14.25, 3.95, 47.94, -4.40, -40.06, 0.01, 0.10, 0.01, 21.43, -30.62, -25.43, -0.01, -0.00, -0.00, 23.07, -30.48, -25.29, -0.01, -0.00, -0.00
0.00, 0.00, 117.00, 0.00, 0.00, 0.00, 14.25, 3.95, 47.87, -4.28, -39.83, 0.00, 0.10, 0.01, 21.34, -30.54, -25.25, -0.00, -0.00, 0.00, 22.91, -30.50, -25.33, -0.00, -0.00, -0.00
0.00, 0.00, 118.00, 0.00, 0.00, 0.00, 14.50, 3.95, 48.06, -3.64, -39.52, -0.00, 0.10, 0.01, 21.49, -29.91, -24.95, 0.00, -0.00, -0.00, 22.80, -30.31, -25.38, -0.00, -0.00, -0.00
0.00, 0.00, 119.00, 0.00, 0.00, 0.00, 14.25, 3.95, 48.74, -4.12, -39.29, 0.00, 0.10, 0.01, 22.13, -30.39, -24.66, -0.00, -0.01, 0.00, 22.75, -30.36, -25.36, -0.00, -0.01, -0.00
0.00, 0.00, 120.00, 0.00, 0.00, 0.00, 14.13, 3.95, 48.73, -4.11, -39.20, 0.00, 0.10, 0.01, 22.07, -30.38, -24.55, -0.00, -0.00, -0.00, 22.70, -30.39, -25.33, -0.00, -0.00, -0.00
0.00, 0.00, 121.00, 0.00, 0.00, 0.00, 14.25, 3.95, 49.56, -4.37, -39.94, -0.00, 0.10, 0.01, 22.87, -30.67, -25.32, 0.00, -0.01, -0.00, 22.71, -30.49, -25.31, 0.00, -0.01, -0.00
0.00, 0.00, 122.00, 0.00, 0.00, 0.00, 14.13, 3.95, 49.66, -4.46, -39.92, -0.00, 0.10, 0.01, 22.93, -30.76, -25.27, 0.00, -0.00, -0.00, 22.72, -30.59, -25.28, 0.00, -0.00, -0.00
0.00, 0.00, 123.00, 0.00, 0.00, 0.00, 14.00, 3.95, 48.19, -4.46, -39.64, -0.00, 0.10, 0.01, 21.41, -30.77, -24.97, 0.00, -0.01, -0.00, 22.60, -30.66, -25.29, 0.00, -0.01, -0.00
0.00, 0.00, 124.00, 0.00, 0.00, 0.00, 14.13, 3.95, 47.52, -4.22, -38.85, 0.01, 0.10, 0.01, 20.71, -30.56, -24.21, -0.01, -0.01, -0.00, 22.45, -30.66, -25.29, -0.01, -0.01, -0.01
0.00, 0.00, 125.00, 0.00, 0.00, 0.00, 14.25, 3.95, 47.59, -3.92, -39.87, 0.00, 0.10, 0.01, 20.75, -30.28, -25.26, -0.00, -0.00, -0.00, 22.30, -30.53, -25.36, -0.00, -0.00, -0.00
0.00, 0.00, 126.00, 0.00, 0.00, 0.00, 14.25, 3.95, 47.47, -3.96, -39.62, -0.00, 0.10, 0.01, 20.60, -30.34, -25.01, 0.00, -0.00, -0.00, 22.16, -30.48, -25.40, 0.00, -0.00, -0.00
0.00, 0.00, 127.00, 0.00, 0.00, 0.00, 14.00, 3.95, 47.84, -4.28, -39.67, -0.00, 0.09, 0.01, 20.91, -30.66, -25.00, 0.00, -0.01, -0.00, 22.04, -30.55, -25.40, -0.00, -0.01, -0.00
0.00, 0.00, 128.00, 0.00, 0.00, 0.00, 14.38, 3.95, 48.92, -3.51, -40.18, 0.01, 0.11, 0.01, 21.98, -29.92, -25.59, -0.01, 0.00, -0.00, 22.04, -30.33, -25.45, -0.01, 0.00, -0.00
0.00, 0.00, 129.00, 0.00, 0.00, 0.00, 14.38, 3.95, 48.90, -4.47, -40.51, 0.00, 0.10, 0.01, 21.93, -30.90, -25.93, -0.00, -0.00, -0.00, 22.02, -30.52, -25.45, -0.00, -0.00, -0.00
0.00, 0.00, 130.00, 0.00, 0.00, 0.00, 14.00, 3.95, 49.18, -4.11, -41.04, -0.00, 0.10, 0.01, 22.14, -30.53, -26.38, 0.00, -0.01, -0.00, 22.01, -30.49, -25.50, 0.00, -0.01, -0.00
0.00, 0.00, 131.00, 0.00, 0.00, 0.00, 14.63, 3.95, 48.29, -4.25, -39.52, 0.00, 0.10, 0.01, 21.26, -30.73, -24.99, -0.00, -0.00, -0.00, 21.95, -30.59, -25.48, -0.00, -0.00, -0.00
0.00, 0.00, 132.00, 0.00, 0.00, 0.00, 14.38, 3.94, 48.11, -3.95, -41.23, 0.00, 0.10, 0.01, 21.03, -30.42, -26.64, -0.00, -0.00, 0.00, 21.84, -30.50, -25.59, -0.00, -0.00, -0.00
0.00, 0.00, 133.00, 0.00, 0.00, 0.00, 14.25, 3.95, 46.81, -4.06, -40.69, -0.00, 0.10, 0.01, 19.68, -30.55, -26.08, 0.00, -0.00, -0.00, 21.63, -30.50, -25.68, -0.00, -0.00, -0.00
0.00, 0.00, 134.00, 0.00, 0.00, 0.00, 14.25, 3.94, 47.46, -4.47, -40.73, 0.00, 0.10, 0.01, 20.31, -30.99, -26.17, -0.00, -0.00, -0.00, 21.49, -30.66, -25.72, -0.00, -0.00, -0.00
0.00, 0.00, 135.00, 0.00, 0.00, 0.00, 14.50, 3.94, 47.71, -4.55, -40.53, -0.00, 0.10, 0.01, 20.49, -31.04, -25.87, 0.00, -0.01, -0.00, 21.39, -30.79, -25.74, 0.00, -0.01, -0.00
0.00, 0.00, 136.00, 0.00, 0.00, 0.00, 14.38, 3.94, 47.97, -4.76, -41.06, -0.00, 0.10, 0.01, 20.73, -31.29, -26.44, 0.00, 0.00, -0.00, 21.31, -30.95, -25.77, 0.00, 0.00, -0.00
0.00, 0.00, 137.00, 0.00, 0.00, 0.00, 14.25, 3.94, 48.25, -4.28, -41.03, 0.00, 0.10, 0.01, 20.97, -30.83, -26.41, -0.00, -0.00, -0.00, 21.27, -30.89, -25.83, -0.00, -0.00, -0.00
0.00, 0.00, 138.00, 0.00, 0.00, 0.00, 14.38, 3.94, 48.36, -4.31, -40.85, 0.00, 0.11, 0.01, 21.06, -30.88, -26.26, -0.00, 0.00, -0.00, 21.24, -30.87, -25.86, -0.00, 0.00, -0.00
0.00, 0.00, 139.00, 0.00, 0.00, 0.00, 14.38, 3.94, 48.70, -3.65, -41.77, 0.00, 0.10, 0.01, 21.36, -30.24, -27.18, -0.01, -0.00, -0.00, 21.24, -30.61, -25.97, -0.00, -0.00, -0.00
0.00, 0.00, 140.00, 0.00, 0.00, 0.00, 14.00, 3.94, 47.28, -3.73, -41.90, 0.00, 0.10, 0.01, 19.88, -30.30, -27.24, -0.00, -0.00, -0.00, 21.10, -30.46, -26.11, -0.00, -0.00, -0.00
0.00, 0.00, 141.00, 0.00, 0.00, 0.00, 14.50, 3.94, 47.34, -3.64, -41.68, 0.00, 0.10, 0.01, 19.94, -30.27, -27.12, -0.00, -0.00, 0.00, 20.98, -30.36, -26.21, -0.00, -0.00, 0.00
0.00, 0.00, 142.00, 0.00, 0.00, 0.00, 14.25, 3.94, 46.17, -3.64, -40.68, -0.00, 0.10, 0.01, 18.72, -30.26, -26.06, 0.00, -0.00, -0.00, 20.77, -30.33, -26.27, -0.00, -0.00, -0.00
0.00, 0.00, 143.00, 0.00, 0.00, 0.00, 14.25, 3.94, 46.77, -4.03, -40.30, 0.00, 0.10, 0.01, 19.28, -30.68, -25.68, -0.00, -0.01, -0.00, 20.64, -30.47, -26.26, -0.00, -0.01, -0.00
0.00, 0.00, 144.00, 0.00, 0.00, 0.00, 14.25, 3.94, 47.31, -3.95, -41.07, 0.00, 0.10, 0.01, 19.78, -30.60, -26.45, -0.00, -0.01, -0.00, 20.55, -30.51, -26.29, -0.00, -0.01, -0.00
0.00, 0.00, 145.00, 0.00, 0.00, 0.00, 14.38, 3.94, 48.45, -3.68, -40.30, 0.00, 0.10, 0.01, 20.89, -30.37, -25.71, -0.00, -0.00, -0.00, 20.59, -30.48, -26.25, -0.00, -0.00, -0.00
0.00, 0.00, 146.00, 0.00, 0.00, 0.00, 14.00, 3.94, 48.20, -3.67, -41.54, 0.00, 0.11, 0.01, 20.59, -30.34, -26.87, -0.00, 0.00, -0.00, 20.58, -30.41, -26.30, -0.00, 0.00, -0.00
0.00, 0.00, 147.00, 0.00, 0.00, 0.00, 14.38, 3.94, 48.38, -4.36, -41.06, 0.00, 0.10, 0.01, 20.75, -31.07, -26.46, -0.00, -0.01, -0.00, 20.59, -30.64, -26.27, -0.00, -0.01, -0.00
0.00, 0.00, 148.00, 0.00, 0.00, 0.00, 14.13, 3.94, 48.20, -4.08, -41.74, 0.00, 0.10, 0.01, 20.52, -30.79, -27.10, -0.00, -0.00, -0.00, 20.56, -30.67, -26.31, -0.00, -0.00, -0.00
0.00, 0.00, 149.00, 0.00, 0.00, 0.00, 14.38, 3.94, 47.28, -3.64, -41.32, 0.00, 0.10, 0.01, 19.59, -30.38, -26.72, -0.00, -0.00, -0.00, 20.47, -30.55, -26.38, -0.00, -0.00, -0.00
0.00, 0.00, 150.00, 0.00, 0.00, 0.00, 14.25, 3.94, 47.35, -4.36, -41.29, 0.01, 0.10, 0.01, 19.61, -31.11, -26.67, -0.01, -0.00, -0.00, 20.37, -30.74, -26.39, -0.01, -0.00, -0.00
0.00, 0.00, 151.00, 0.00, 0.00, 0.00, 14.50, 3.94, 46.10, -3.54, -40.75, -0.00, 0.10, 0.01, 18.33, -30.33, -26.18, 0.00, -0.00, -0.00, 20.19, -30.60, -26.46, 0.00, -0.00, -0.00
0.00, 0.00, 152.00, 0.00, 0.00, 0.00, 14.13, 3.94, 47.28, -4.40, -40.25, 0.00, 0.10, 0.01, 19.46, -31.18, -25.60, -0.00, -0.01, -0.00, 20.13, -30.83, -26.39, -0.01, -0.01, -0.00
0.00, 0.00, 153.00, 0.00, 0.00, 0.00, 14.13, 3.94, 47.62, -4.46, -41.29, 0.00, 0.10, 0.01, 19.76, -31.25, -26.64, -0.00, -0.00, -0.00, 20.08, -30.97, -26.40, -0.00, -0.00, -0.00
0.00, 0.00, 154.00, 0.00, 0.00, 0.00, 14.25, 3.94, 47.72, -4.08, -40.91, -0.00, 0.10, 0.01, 19.85, -30.91, -26.33, 0.00, -0.01, 0.00, 20.06, -30.95, -26.40, 0.00, -0.01, 0.00
0.00, 0.00, 155.00, 0.00, 0.00, 0.00, 14.00, 3.94, 48.48, -4.47, -41.90, 0.00, 0.10, 0.01, 20.54, -31.29, -27.22, -0.00, -0.00, -0.00, 20.09, -31.05, -26.42, -0.00, -0.00, -0.00
0.00, 0.00, 156.00, 0.00, 0.00, 0.00, 14.13, 3.94, 47.49, -3.92, -41.51, 0.00, 0.10, 0.01, 19.52, -30.76, -26.85, -0.00, -0.00, -0.00, 20.03, -30.93, -26.48, -0.00, -0.00, -0.00
0.00, 0.00, 157.00, 0.00, 0.00, 0.00, 14.25, 3.94, 48.30, -3.77, -41.83, 0.00, 0.10, 0.01, 20.31, -30.64, -27.20, -0.00, -0.00, -0.00, 20.05, -30.80, -26.53, -0.00, -0.00, -0.00
0.00, 0.00, 158.00, 0.00, 0.00, 0.00, 14.38, 3.94, 46.77, -4.25, -41.22, 0.00, 0.10, 0.01, 18.75, -31.15, -26.61, -0.00, -0.00, -0.00, 19.92, -30.92, -26.55, -0.00, -0.00, -0.00
0.00, 0.00, 159.00, 0.00, 0.00, 0.00, 14.13, 3.94, 46.35, -4.05, -40.38, 0.00, 0.10, 0.01, 18.27, -30.94, -25.72, -0.00, -0.00, -0.00, 19.78, -30.96, -26.55, -0.00, -0.00, -0.00
0.00, 0.00, 160.00, 0.00, 0.00, 0.00, 14.13, 3.94, 46.70, -3.79, -40.72, 0.00, 0.10, 0.01, 18.59, -30.70, -26.05, -0.00, -0.01, -0.00, 19.68, -30.88, -26.57, -0.00, -0.01, -0.00
0.00, 0.00, 161.00, 0.00, 0.00, 0.00, 14.25, 3.94, 46.93, -4.34, -40.89, 0.00, 0.10, 0.01, 18.79, -31.28, -26.25, -0.01, -0.00, -0.00, 19.59, -31.03, -26.55, -0.01, -0.01, -0.00
0.00, 0.00, 162.00, 0.00, 0.00, 0.00, 14.25, 3.94, 47.05, -4.50, -40.75, 0.00, 0.10, 0.01, 18.87, -31.45, -26.10, -0.00, -0.00, -0.00, 19.52, -31.19, -26.52, -0.00, -0.00, -0.00
0.00, 0.00, 163.00, 0.00, 0.00, 0.00, 14.00, 3.94, 47.44, -4.44, -41.38, 0.00, 0.10, 0.01, 19.22, -31.39, -26.68, -0.01, -0.00, -0.00, 19.49, -31.26, -26.53, -0.01, -0.00, -0.00
0.00, 0.00, 164.00, 0.00, 0.00, 0.00, 14.38, 3.93, 47.47, -4.44, -42.34, -0.00, 0.10, 0.01, 19.24, -31.44, -27.71, 0.00, -0.01, -0.00, 19.44, -31.28, -26.60, 0.00, -0.01, -0.00
0.00, 0.00, 165.00, 0.00, 0.00, 0.00, 14.13, 3.94, 48.03, -3.74, -42.08, -0.00, 0.10, 0.01, 19.74, -30.74, -27.40, 0.00, -0.01, -0.00, 19.46, -31.06, -26.67, 0.00, -0.01, -0.00
0.00, 0.00, 166.00, 0.00, 0.00, 0.00, 14.13, 3.93, 47.41, -3.58, -42.12, 0.00, 0.10, 0.01, 19.10, -30.59, -27.44, -0.00, -0.00, 0.00, 19.42, -30.87, -26.76, -0.00, -0.00, 0.00
0.00, 0.00, 167.00, 0.00, 0.00, 0.00, 14.38, 3.94, 46.51, -4.18, -42.47, 0.00, 0.10, 0.01, 18.16, -31.23, -27.84, -0.00, -0.00, -0.00, 19.28, -30.96, -26.84, -0.00, -0.00, -0.00
0.00, 0.00, 168.00, 0.00, 0.00, 0.00, 14.25, 3.93, 46.10, -3.89, -41.35, 0.00, 0.10, 0.01, 17.72, -30.94, -26.68, -0.00, -0.00, -0.00, 19.13, -30.96, -26.87, -0.00, -0.00, -0.00
0.00, 0.00, 169.00, 0.00, 0.00, 0.00, 14.13, 3.93, 45.78, -3.93, -42.15, -0.00, 0.10, 0.01, 17.35, -30.99, -27.46, 0.00, -0.00, -0.00, 18.95, -30.95, -26.95, -0.00, -0.00, -0.00
0.00, 0.00, 170.00, 0.00, 0.00, 0.00, 14.88, 3.93, 46.46, -3.60, -40.85, 0.00, 0.10, 0.01, 18.05, -30.73, -26.31, -0.00, -0.00, -0.00, 18.88, -30.89, -26.95, -0.00, -0.01, -0.00
0.00, 0.00, 171.00, 0.00, 0.00, 0.00, 14.25, 3.93, 46.19, -3.80, -41.45, 0.00, 0.10, 0.01, 17.70, -30.90, -26.78, -0.00, -0.00, -0.00, 18.77, -30.90, -26.98, -0.00, -0.00, -0.00
0.00, 0.00, 172.00, 0.00, 0.00, 0.00, 14.38, 3.93, 46.71, -4.21, -42.15, -0.00, 0.10, 0.01, 18.20, -31.35, -27.53, 0.00, -0.00, -0.00, 18.70, -31.04, -27.00, 0.00, -0.00, -0.00
0.00, 0.00, 173.00, 0.00, 0.00, 0.00, 14.25, 3.93, 47.33, -4.05, -41.68, 0.00, 0.10, 0.01, 18.77, -31.19, -27.00, -0.00, -0.00, -0.00, 18.70, -31.09, -26.99, -0.00, -0.00, -0.00
0.00, 0.00, 174.00, 0.00, 0.00, 0.00, 14.00, 3.93, 47.46, -3.96, -42.93, 0.00, 0.10, 0.01, 18.85, -31.10, -28.19, -0.00, -0.00, -0.00, 18.70, -31.05, -27.06, -0.00, -0.00, 0.00
0.00, 0.00, 175.00, 0.00, 0.00, 0.00, 14.13, 3.93, 47.41, -3.35, -42.18, 0.00, 0.10, 0.01, 18.77, -30.51, -27.47, -0.00, -0.00, -0.00, 18.70, -30.85, -27.11, -0.00, -0.00, -0.00
0.00, 0.00, 176.00, 0.00, 0.00, 0.00, 14.63, 3.93, 47.22, -4.25, -42.71, 0.00, 0.10, 0.01, 18.58, -31.47, -28.09, -0.00, -0.01, -0.00, 18.67, -31.04, -27.14, -0.00, -0.01, -0.00
0.00, 0.00, 177.00, 0.00, 0.00, 0.00, 14.38, 3.93, 45.76, -3.51, -42.17, 0.00, 0.10, 0.01, 17.07, -30.72, -27.50, -0.00, -0.00, -0.00, 18.51, -30.91, -27.22, -0.00, -0.00, -0.00
0.00, 0.00, 178.00, 0.00, 0.00, 0.00, 14.13, 3.93, 45.21, -4.21, -42.82, -0.00, 0.10, 0.01, 16.47, -31.42, -28.10, 0.00, -0.00, -0.00, 18.29, -31.06, -27.30, -0.00, -0.00, -0.00
0.00, 0.00, 179.00, 0.00, 0.00, 0.00, 14.25, 3.93, 45.00, -4.19, -42.20, -0.00, 0.10, 0.01, 16.23, -31.44, -27.49, 0.00, -0.01, -0.00, 18.08, -31.18, -27.34, -0.00, -0.01, -0.00
0.00, 0.00, 180.00, 0.00, 0.00, 0.00, 14.25, 3.93, 46.01, -3.49, -41.55, 0.00, 0.11, 0.01, 17.20, -30.75, -26.84, -0.00, 0.00, -0.00, 18.01, -31.05, -27.36, -0.00, 0.00, -0.00
0.00, 0.00, 181.00, 0.00, 0.00, 0.00, 14.00, 3.93, 46.36, -3.67, -42.12, 0.00, 0.10, 0.01, 17.51, -30.92, -27.36, -0.00, -0.00, -0.00, 17.97, -31.00, -27.38, -0.00, -0.00, -0.00
0.00, 0.00, 182.00, 0.00, 0.00, 0.00, 14.25, 3.93, 46.67, -3.83, -41.57, 0.00, 0.10, 0.01, 17.80, -31.12, -26.85, -0.00, -0.01, 0.00, 17.96, -31.06, -27.35, -0.00, -0.01, 0.00
0.00, 0.00, 183.00, 0.00, 0.00, 0.00, 13.88, 3.93, 46.97, -4.03, -43.00, -0.00, 0.10, 0.01, 18.04, -31.32, -28.20, 0.00, -0.00, -0.00, 17.95, -31.12, -27.38, 0.00, -0.00, -0.00
0.00, 0.00, 184.00, 0.00, 0.00, 0.00, 14.25, 3.93, 46.27, -3.61, -42.02, 0.01, 0.10, 0.01, 17.33, -30.94, -27.29, -0.01, -0.01, -0.00, 17.89, -31.06, -27.41, -0.01, -0.01, -0.00
0.00, 0.00, 185.00, 0.00, 0.00, 0.00, 14.38, 3.93, 46.64, -4.17, -41.98, 0.00, 0.10, 0.01, 17.67, -31.52, -27.27, -0.00, -0.01, -0.00, 17.86, -31.23, -27.38, -0.00, -0.01, -0.00
0.00, 0.00, 186.00, 0.00, 0.00, 0.00, 14.50, 3.93, 45.18, -4.03, -41.96, -0.00, 0.10, 0.01, 16.18, -31.41, -27.28, 0.00, -0.00, -0.00, 17.70, -31.29, -27.41, 0.00, -0.00, -0.00
0.00, 0.00, 187.00, 0.00, 0.00, 0.00, 14.38, 3.93, 44.61, -3.80, -41.10, 0.00, 0.10, 0.00, 15.57, -31.19, -26.38, -0.00, -0.00, -0.01, 17.51, -31.29, -27.41, -0.00, -0.00, -0.01
0.00, 0.00, 188.00, 0.00, 0.00, 0.00, 14.00, 3.93, 44.91, -3.90, -41.98, 0.00, 0.10, 0.01, 15.84, -31.31, -27.25, -0.00, -0.00, -0.00, 17.35, -31.30, -27.44, -0.00, -0.00, -0.00
0.00, 0.00, 189.00, 0.00, 0.00, 0.00, 14.50, 3.93, 44.94, -3.90, -41.42, 0.00, 0.10, 0.01, 15.83, -31.33, -26.69, -0.00, -0.00, -0.00, 17.22, -31.33, -27.43, -0.00, -0.00, -0.00
0.00, 0.00, 190.00, 0.00, 0.00, 0.00, 14.13, 3.93, 45.21, -4.49, -41.86, 0.00, 0.10, 0.01, 16.04, -31.91, -27.08, -0.00, -0.00, -0.00, 17.10, -31.54, -27.41, -0.00, -0.00, -0.00
0.00, 0.00, 191.00, 0.00, 0.00, 0.00, 14.38, 3.92, 45.07, -4.40, -41.57, 0.00, 0.10, 0.01, 15.90, -31.86, -26.83, -0.00, -0.00, 0.00, 16.99, -31.67, -27.38, -0.00, -0.01, 0.00
0.00, 0.00, 192.00, 0.00, 0.00, 0.00, 14.38, 3.93, 45.19, -3.84, -42.96, 0.01, 0.10, 0.01, 15.97, -31.32, -28.21, -0.01, 0.00, -0.00, 16.88, -31.52, -27.48, -0.01, 0.00, -0.00
0.00, 0.00, 193.00, 0.00, 0.00, 0.00, 14.25, 3.93, 45.69, -4.18, -43.73, 0.01, 0.10, 0.01, 16.43, -31.67, -28.96, -0.01, 0.00, -0.00, 16.81, -31.52, -27.58, -0.01, 0.00, -0.00
0.00, 0.00, 194.00, 0.00, 0.00, 0.00, 14.25, 3.92, 45.09, -3.67, -42.27, 0.00, 0.10, 0.01, 15.80, -31.17, -27.49, -0.00, -0.01, -0.00, 16.72, -31.40, -27.62, -0.00, -0.01, -0.00
0.00, 0.00, 195.00, 0.00, 0.00, 0.00, 14.13, 3.92, 44.99, -3.64, -43.23, -0.00, 0.10, 0.01, 15.66, -31.15, -28.42, 0.00, -0.01, -0.00, 16.61, -31.28, -27.71, 0.00, -0.01, -0.00
0.00, 0.00, 196.00, 0.00, 0.00, 0.00, 14.25, 3.92, 44.11, -3.45, -42.12, 0.00, 0.10, 0.01, 14.75, -30.99, -27.33, -0.00, -0.01, -0.00, 16.43, -31.19, -27.75, -0.00, -0.01, -0.00
0.00, 0.00, 197.00, 0.00, 0.00, 0.00, 14.13, 3.92, 44.05, -3.52, -42.78, 0.00, 0.10, 0.01, 14.65, -31.07, -27.96, -0.00, -0.01, -0.00, 16.26, -31.13, -27.82, -0.00, -0.01, -0.00
0.00, 0.00, 198.00, 0.00, 0.00, 0.00, 14.25, 3.92, 44.94, -3.73, -42.34, -0.00, 0.10, 0.01, 15.52, -31.30, -27.54, 0.00, -0.00, -0.00, 16.19, -31.20, -27.81, -0.00, -0.00, -0.00
0.00, 0.00, 199.00, 0.00, 0.00, 0.00, 14.38, 3.92, 44.69, -3.95, -42.55, 0.00, 0.10, 0.01, 15.24, -31.55, -27.76, -0.00, -0.00, 0.00, 16.09, -31.32, -27.81, -0.00, -0.00, -0.00
0.00, 0.00, 200.00, 0.00, 0.00, 0.00, 14.38, 3.92, 44.78, -4.22, -42.96, 0.00, 0.11, 0.01, 15.29, -31.85, -28.16, -0.00, 0.00, -0.00, 16.00, -31.50, -27.82, -0.00, 0.00, -0.00
0.00, 0.00, 201.00, 0.00, 0.00, 0.00, 14.25, 3.92, 45.25, -3.74, -43.01, 0.00, 0.10, 0.01, 15.72, -31.37, -28.19, -0.00, -0.00, -0.00, 15.97, -31.44, -27.86, -0.00, -0.00, -0.00
0.00, 0.00, 202.00, 0.00, 0.00, 0.00, 14.13, 3.92, 45.92, -4.11, -44.40, -0.00, 0.10, 0.01, 16.35, -31.75, -29.55, 0.00, -0.01, -0.00, 15.98, -31.49, -27.93, 0.00, -0.00, -0.00
0.00, 0.00, 203.00, 0.00, 0.00, 0.00, 14.38, 3.92, 45.66, -4.03, -43.69, 0.00, 0.10, 0.01, 16.07, -31.71, -28.88, -0.00, -0.00, -0.00, 15.97, -31.54, -27.97, -0.00, -0.00, -0.00
0.00, 0.00, 204.00, 0.00, 0.00, 0.00, 14.13, 3.92, 45.45, -4.06, -43.66, 0.00, 0.10, 0.01, 15.81, -31.74, -28.79, -0.00, -0.01, -0.00, 15.94, -31.58, -28.01, -0.00, -0.01, -0.00
0.00, 0.00, 205.00, 0.00, 0.00, 0.00, 14.25, 3.92, 44.27, -3.83, -43.44, 0.00, 0.10, 0.01, 14.60, -31.54, -28.59, -0.00, -0.00, 0.00, 15.79, -31.54, -28.08, -0.01, -0.00, 0.00
0.00, 0.00, 206.00, 0.00, 0.00, 0.00, 14.38, 3.92, 44.08, -3.86, -42.66, 0.00, 0.10, 0.01, 14.38, -31.59, -27.83, -0.00, -0.00, -0.00, 15.66, -31.56, -28.10, -0.00, -0.00, -0.00
0.00, 0.00, 207.00, 0.00, 0.00, 0.00, 14.38, 3.92, 44.29, -3.77, -42.66, 0.00, 0.10, 0.01, 14.56, -31.53, -27.85, -0.00, -0.00, -0.00, 15.55, -31.56, -28.12, -0.00, -0.00, -0.00
0.00, 0.00, 208.00, 0.00, 0.00, 0.00, 14.38, 3.92, 45.19, -4.46, -42.69, 0.00, 0.10, 0.01, 15.41, -32.21, -27.80, -0.00, -0.00, -0.00, 15.54, -31.80, -28.06, -0.00, -0.00, -0.00
0.00, 0.00, 209.00, 0.00, 0.00, 0.00, 14.38, 3.92, 44.61, -3.86, -43.66, -0.00, 0.10, 0.01, 14.80, -31.65, -28.81, 0.00, -0.00, -0.00, 15.45, -31.72, -28.13, 0.00, -0.00, -0.00
0.00, 0.00, 210.00, 0.00, 0.00, 0.00, 14.50, 3.92, 44.61, -3.73, -43.51, 0.00, 0.10, 0.01, 14.79, -31.54, -28.68, -0.00, -0.00, -0.00, 15.38, -31.63, -28.19, -0.00, -0.00, -0.00
0.00, 0.00, 211.00, 0.00, 0.00, 0.00, 14.50, 3.92, 45.09, -4.49, -43.20, 0.00, 0.10, 0.01, 15.23, -32.33, -28.36, -0.00, -0.00, -0.00, 15.36, -31.87, -28.16, -0.00, -0.00, -0.00
0.00, 0.00, 212.00, 0.00, 0.00, 0.00, 14.50, 3.92, 45.31, -4.37, -43.03, 0.00, 0.10, 0.01, 15.42, -32.22, -28.18, -0.00, -0.00, -0.00, 15.36, -32.00, -28.14, -0.00, -0.00, -0.00
0.00, 0.00, 213.00, 0.00, 0.00, 0.00, 14.25, 3.92, 44.83, -4.11, -43.85, 0.00, 0.10, 0.01, 14.89, -31.96, -28.94, -0.00, -0.01, 0.00, 15.30, -31.95, -28.21, -0.00, -0.01, 0.00
0.00, 0.00, 214.00, 0.00, 0.00, 0.00, 14.00, 3.92, 44.29, -4.00, -42.28, -0.00, 0.10, 0.01, 14.30, -31.86, -27.32, 0.00, -0.00, 0.00, 15.21, -31.95, -28.19, 0.00, -0.00, 0.00
0.00, 0.00, 215.00, 0.00, 0.00, 0.00, 14.25, 3.92, 43.85, -4.24, -42.44, 0.00, 0.10, 0.01, 13.84, -32.13, -27.52, -0.01, -0.01, -0.00, 15.08, -32.03, -28.17, -0.01, -0.01, -0.00
0.00, 0.00, 216.00, 0.00, 0.00, 0.00, 14.63, 3.92, 43.98, -4.55, -43.01, 0.00, 0.10, 0.01, 13.96, -32.48, -28.16, -0.00, -0.00, -0.00, 14.97, -32.19, -28.17, -0.01, -0.00, -0.00
0.00, 0.00, 217.00, 0.00, 0.00, 0.00, 14.75, 3.92, 44.05, -4.03, -43.07, 0.00, 0.10, 0.01, 14.01, -32.00, -28.24, -0.00, -0.00, -0.00, 14.87, -32.11, -28.21, -0.01, -0.00, -0.00
0.00, 0.00, 218.00, 0.00, 0.00, 0.00, 14.38, 3.92, 44.17, -3.84, -43.47, -0.00, 0.10, 0.01, 14.07, -31.80, -28.55, 0.00, -0.00, -0.00, 14.79, -31.99, -28.27, 0.00, -0.00, -0.00
0.00, 0.00, 219.00, 0.00, 0.00, 0.00, 14.38, 3.91, 44.50, -3.99, -44.33, -0.00, 0.10, 0.01, 14.38, -31.96, -29.40, 0.00, -0.00, -0.00, 14.73, -31.94, -28.35, 0.00, -0.00, -0.00
0.00, 0.00, 220.00, 0.00, 0.00, 0.00, 14.25, 3.91, 44.31, -4.37, -43.19, 0.00, 0.10, 0.01, 14.15, -32.35, -28.23, -0.00, -0.01, -0.00, 14.67, -32.09, -28.33, -0.00, -0.01, -0.00
0.00, 0.00, 221.00, 0.00, 0.00, 0.00, 14.63, 3.91, 44.10, -3.68, -43.93, 0.00, 0.10, 0.01, 13.92, -31.71, -29.04, -0.00, -0.00, -0.00, 14.59, -31.93, -28.42, -0.00, -0.00, -0.00
0.00, 0.00, 222.00, 0.00, 0.00, 0.00, 14.13, 3.91, 44.34, -4.11, -43.19, 0.00, 0.10, 0.01, 14.10, -32.12, -28.18, -0.00, -0.00, 0.00, 14.54, -32.00, -28.40, -0.00, -0.00, 0.00
0.00, 0.00, 223.00, 0.00, 0.00, 0.00, 14.38, 3.91, 44.43, -3.96, -43.91, 0.00, 0.10, 0.01, 14.17, -32.01, -28.94, -0.00, -0.00, -0.00, 14.49, -31.98, -28.45, -0.00, -0.00, -0.00
0.00, 0.00, 224.00, 0.00, 0.00, 0.00, 14.38, 3.91, 44.45, -3.86, -44.31, 0.01, 0.10, 0.01, 14.16, -31.95, -29.39, -0.01, -0.00, -0.00, 14.45, -31.94, -28.51, -0.01, -0.00, -0.00
0.00, 0.00, 225.00, 0.00, 0.00, 0.00, 14.50, 3.91, 44.37, -3.65, -43.41, 0.00, 0.10, 0.01, 14.04, -31.74, -28.43, -0.00, -0.00, -0.00, 14.41, -31.87, -28.53, -0.00, -0.00, -0.00
0.00, 0.00, 226.00, 0.00, 0.00, 0.00, 14.13, 3.91, 43.60, -3.90, -43.82, 0.00, 0.10, 0.01, 13.22, -32.00, -28.80, -0.00, -0.00, -0.00, 14.28, -31.90, -28.57, -0.01, -0.00, -0.00
0.00, 0.00, 227.00, 0.00, 0.00, 0.00, 14.25, 3.91, 43.82, -4.27, -43.20, 0.00, 0.10, 0.01, 13.41, -32.39, -28.18, -0.00, -0.01, -0.00, 14.20, -32.08, -28.54, -0.00, -0.01, -0.00
0.00, 0.00, 228.00, 0.00, 0.00, 0.00, 14.25, 3.91, 44.23, -3.61, -43.19, 0.00, 0.10, 0.01, 13.78, -31.75, -28.16, -0.00, -0.00, -0.00, 14.16, -31.98, -28.55, -0.00, -0.00, -0.00
0.00, 0.00, 229.00, 0.00, 0.00, 0.00, 14.25, 3.91, 43.67, -3.83, -43.26, -0.00, 0.10, 0.01, 13.21, -31.98, -28.22, 0.00, -0.01, -0.00, 14.07, -31.99, -28.55, 0.00, -0.01, -0.00
0.00, 0.00, 230.00, 0.00, 0.00, 0.00, 14.25, 3.91, 44.10, -3.55, -43.74, 0.00, 0.10, 0.01, 13.58, -31.73, -28.69, -0.00, -0.01, -0.00, 14.02, -31.89, -28.59, -0.00, -0.01, -0.00
0.00, 0.00, 231.00, 0.00, 0.00, 0.00, 14.50, 3.91, 44.31, -4.05, -43.50, -0.00, 0.10, 0.01, 13.78, -32.27, -28.49, 0.00, -0.00, -0.00, 14.00, -32.02, -28.57, 0.00, -0.00, -0.00
0.00, 0.00, 232.00, 0.00, 0.00, 0.00, 14.25, 3.91, 44.24, -4.22, -43.77, 0.00, 0.10, 0.01, 13.66, -32.44, -28.70, -0.00, -0.01, -0.00, 13.96, -32.17, -28.56, -0.00, -0.01, -0.00
0.00, 0.00, 233.00, 0.00, 0.00, 0.00, 14.75, 3.91, 44.18, -4.24, -43.73, -0.00, 0.10, 0.01, 13.61, -32.51, -28.75, 0.00, -0.00, -0.00, 13.92, -32.28, -28.55, -0.00, -0.00, -0.00
0.00, 0.00, 234.00, 0.00, 0.00, 0.00, 14.25, 3.91, 44.15, -4.57, -42.84, 0.00, 0.10, 0.01, 13.52, -32.83, -27.75, -0.00, -0.00, -0.00, 13.88, -32.50, -28.48, -0.01, -0.00, -0.00
0.00, 0.00, 235.00, 0.00, 0.00, 0.00, 14.25, 3.91, 43.92, -4.28, -44.23, 0.00, 0.10, 0.01, 13.25, -32.56, -29.13, -0.00, -0.00, -0.00, 13.81, -32.49, -28.53, -0.00, -0.00, -0.00
0.00, 0.00, 236.00, 0.00, 0.00, 0.00, 14.25, 3.91, 43.72, -4.22, -42.44, 0.00, 0.10, 0.01, 13.01, -32.52, -27.33, -0.00, -0.01, -0.00, 13.74, -32.54, -28.48, -0.00, -0.01, -0.00
0.00, 0.00, 237.00, 0.00, 0.00, 0.00, 14.38, 3.91, 42.94, -4.43, -44.43, -0.00, 0.09, 0.01, 12.21, -32.75, -29.34, 0.00, -0.01, -0.00, 13.57, -32.58, -28.55, 0.00, -0.01, -0.00
0.00, 0.00, 238.00, 0.00, 0.00, 0.00, 14.13, 3.91, 43.20, -4.27, -44.11, 0.01, 0.10, 0.01, 12.42, -32.59, -28.95, -0.01, -0.00, -0.00, 13.45, -32.56, -28.60, -0.01, -0.00, -0.00
0.00, 0.00, 239.00, 0.00, 0.00, 0.00, 14.25, 3.91, 43.35, -4.38, -44.31, 0.00, 0.10, 0.01, 12.54, -32.74, -29.17, -0.00, -0.00, -0.00, 13.34, -32.60, -28.65, -0.00, -0.00, -0.00
0.00, 0.00, 240.00, 0.00, 0.00, 0.00, 14.25, 3.91, 43.48, -4.40, -44.55, -0.00, 0.10, 0.01, 12.64, -32.77, -29.40, 0.00, -0.00, -0.00, 13.26, -32.63, -28.70, 0.00, -0.00, -0.00
0.00, 0.00, 241.00, 0.00, 0.00, 0.00, 14.25, 3.90, 43.17, -3.98, -44.07, 0.00, 0.10, 0.01, 12.31, -32.37, -28.90, -0.00, -0.01, -0.00, 13.16, -32.53, -28.75, -0.00, -0.01, -0.00
0.00, 0.00, 242.00, 0.00, 0.00, 0.00, 14.25, 3.90, 43.35, -4.46, -44.18, 0.00, 0.10, 0.01, 12.46, -32.87, -29.01, -0.00, -0.00, -0.00, 13.08, -32.63, -28.77, -0.00, -0.00, -0.00
0.00, 0.00, 243.00, 0.00, 0.00, 0.00, 14.50, 3.90, 43.66, -3.93, -44.21, 0.00, 0.10, 0.00, 12.74, -32.38, -29.08, -0.00, -0.00, -0.00, 13.05, -32.53, -28.81, -0.00, -0.00, -0.00
0.00, 0.00, 244.00, 0.00, 0.00, 0.00, 14.25, 3.90, 43.16, -4.56, -44.43, 0.00, 0.10, 0.01, 12.21, -33.02, -29.26, -0.00, -0.00, -0.00, 12.95, -32.68, -28.83, -0.00, -0.00, -0.00
0.00, 0.00, 245.00, 0.00, 0.00, 0.00, 14.38, 3.90, 42.91, -4.40, -43.70, 0.00, 0.10, 0.01, 11.92, -32.88, -28.52, -0.00, -0.00, -0.00, 12.85, -32.76, -28.82, -0.00, -0.01, -0.00
0.00, 0.00, 246.00, 0.00, 0.00, 0.00, 14.50, 3.90, 42.62, -4.62, -44.01, -0.00, 0.10, 0.01, 11.61, -33.13, -28.84, 0.00, -0.00, -0.00, 12.71, -32.88, -28.83, -0.00, -0.00, -0.00
0.00, 0.00, 247.00, 0.00, 0.00, 0.00, 14.38, 3.90, 43.06, -3.81, -44.40, -0.00, 0.10, 0.01, 12.00, -32.34, -29.20, 0.00, -0.00, -0.00, 12.64, -32.67, -28.90, 0.00, -0.00, -0.00
0.00, 0.00, 248.00, 0.00, 0.00, 0.00, 14.50, 3.90, 42.78, -3.96, -44.91, 0.00, 0.11, 0.01, 11.70, -32.51, -29.73, -0.00, 0.00, 0.00, 12.53, -32.58, -28.98, -0.00, 0.00, 0.00
0.00, 0.00, 249.00, 0.00, 0.00, 0.00, 14.38, 3.90, 43.19, -4.56, -44.81, -0.00, 0.10, 0.01, 12.07, -33.12, -29.59, 0.00, -0.00, -0.00, 12.47, -32.75, -28.99, 0.00, -0.00, -0.00
0.00, 0.00, 250.00, 0.00, 0.00, 0.00, 14.50, 3.90, 43.06, -4.37, -44.86, 0.00, 0.10, 0.01, 11.92, -32.96, -29.65, -0.00, -0.00, -0.00, 12.40, -32.80, -29.03, -0.00, -0.00, -0.00
0.00, 0.00, 251.00, 0.00, 0.00, 0.00, 14.63, 3.90, 43.04, -3.89, -45.28, 0.00, 0.10, 0.01, 11.87, -32.51, -30.08, -0.00, -0.01, -0.00, 12.34, -32.65, -29.13, -0.00, -0.01, -0.00
0.00, 0.00, 252.00, 0.00, 0.00, 0.00, 14.88, 3.90, 42.72, -3.99, -44.46, -0.00, 0.10, 0.01, 11.54, -32.65, -29.31, 0.00, -0.00, -0.00, 12.25, -32.64, -29.16, 0.00, -0.00, -0.00
0.00, 0.00, 253.00, 0.00, 0.00, 0.00, 14.13, 3.90, 42.88, -4.55, -45.31, 0.00, 0.10, 0.01, 11.62, -33.17, -29.99, -0.00, -0.00, -0.00, 12.17, -32.79, -29.19, -0.00, -0.00, -0.00
0.00, 0.00, 254.00, 0.00, 0.00, 0.00, 14.38, 3.90, 42.78, -4.60, -44.43, -0.00, 0.10, 0.01, 11.50, -33.27, -29.15, 0.00, -0.01, -0.00, 12.10, -32.96, -29.17, -0.00, -0.01, -0.00
