-255.00, 0.00, 0.00, 0.00, 0.00, 0.00, 14.13, 3.90, 44.15, 10.46, -26.25, 0.00, 0.10, 0.01, 35.02, -16.83, -9.87, -0.00, -0.01, -0.00, 29.64, -31.22, -32.82, 0.00, -0.01, -0.00
-254.00, 0.00, 0.00, 0.00, 0.00, 0.00, 14.00, 3.90, 44.30, 10.26, -25.88, 0.01, 0.10, 0.01, 35.11, -17.01, -9.50, -0.01, -0.01, -0.00, 30.40, -26.59, -31.83, -0.01, -0.01, -0.00
-253.00, 0.00, 0.00, 0.00, 0.00, 0.00, 14.38, 3.90, 44.20, 10.32, -26.22, 0.00, 0.10, 0.01, 34.98, -16.97, -9.93, -0.00, -0.01, -0.00, 31.02, -23.53, -30.87, -0.00, -0.01, -0.00
-252.00, 0.00, 0.00, 0.00, 0.00, 0.00, 14.00, 3.90, 44.33, 10.08, -25.45, 0.01, 0.10, 0.01, 35.04, -17.16, -9.09, -0.01, -0.00, 0.00, 31.54, -21.59, -29.87, -0.01, -0.00, -0.00
-251.00, 0.00, 0.00, 0.00, 0.00, 0.00, 13.88, 3.90, 44.67, 10.32, -26.45, 0.00, 0.11, 0.01, 35.34, -16.91, -10.09, -0.00, 0.00, -0.00, 32.01, -20.21, -28.95, -0.00, 0.00, -0.00
-250.00, 0.00, 0.00, 0.00, 0.00, 0.00, 14.13, 3.90, 44.39, 10.20, -26.45, 0.00, 0.10, 0.01, 35.01, -17.03, -10.16, -0.00, -0.00, -0.00, 32.41, -19.34, -28.06, -0.00, -0.00, -0.00
-249.00, 0.00, 0.00, 0.00, 0.00, 0.00, 14.25, 3.90, 45.00, 9.81, -26.43, -0.00, 0.10, 0.01, 35.60, -17.42, -10.17, 0.00, -0.00, 0.00, 32.79, -18.89, -27.18, 0.00, -0.00, -0.00
-248.00, 0.00, 0.00, 0.00, 0.00, 0.00, 14.25, 3.90, 44.97, 10.04, -26.32, 0.01, 0.10, 0.01, 35.52, -17.18, -10.08, -0.01, -0.00, -0.00, 33.13, -18.50, -26.35, -0.01, -0.00, -0.00
-247.00, 0.00, 0.00, 0.00, 0.00, 0.00, 14.13, 3.90, 44.39, 9.41, -26.54, 0.00, 0.10, 0.01, 34.88, -17.78, -10.29, -0.00, -0.00, -0.00, 33.39, -18.46, -25.57, -0.00, -0.00, -0.00
-246.00, 0.00, 0.00, 0.00, 0.00, 0.00, 14.38, 3.90, 45.05, 9.95, -27.20, 0.00, 0.10, 0.01, 35.50, -17.25, -11.02, -0.00, -0.00, -0.00, 33.68, -18.22, -24.86, -0.00, -0.00, -0.00
-245.00, 0.00, 0.00, 0.00, 0.00, 0.00, 13.75, 3.90, 44.48, 9.79, -26.15, 0.00, 0.10, 0.01, 34.84, -17.35, -9.85, -0.00, -0.00, -0.00, 33.89, -18.11, -24.16, -0.00, -0.00, -0.00
-244.00, 0.00, 0.00, 0.00, 0.00, 0.00, 13.88, 3.90, 44.69, 9.87, -27.39, 0.00, 0.10, 0.01, 35.02, -17.28, -11.13, -0.00, -0.00, -0.00, 34.10, -17.99, -23.54, -0.00, -0.00, -0.00
-243.00, 0.00, 0.00, 0.00, 0.00, 0.00, 14.00, 3.90, 44.88, 9.50, -25.61, -0.00, 0.10, 0.01, 35.17, -17.64, -9.39, 0.00, -0.01, -0.00, 34.30, -18.04, -22.86, 0.00, -0.01, -0.00
-242.00, 0.00, 0.00, 0.00, 0.00, 0.00, 14.13, 3.90, 44.58, 9.35, -27.07, 0.00, 0.10, 0.01, 34.81, -17.77, -10.87, -0.00, -0.00, -0.00, 34.45, -18.11, -22.29, -0.01, -0.00, -0.00
-241.00, 0.00, 0.00, 0.00, 0.00, 0.00, 14.25, 3.91, 44.11, 9.31, -26.12, 0.00, 0.11, 0.01, 34.33, -17.82, -9.98, -0.00, 0.00, -0.00, 34.57, -18.17, -21.73, -0.00, 0.00, -0.00
-240.00, 0.00, 0.00, 0.00, 0.00, 0.00, 14.38, 3.91, 44.71, 9.82, -26.70, 0.00, 0.10, 0.01, 34.89, -17.31, -10.61, -0.00, -0.00, -0.00, 34.71, -18.02, -21.22, -0.01, -0.00, -0.00
-239.00, 0.00, 0.00, 0.00, 0.00, 0.00, 14.13, 3.91, 44.75, 9.46, -26.43, 0.00, 0.10, 0.01, 34.86, -17.64, -10.29, -0.00, -0.00, 0.00, 34.83, -18.03, -20.71, -0.01, -0.00, -0.00
-238.00, 0.00, 0.00, 0.00, 0.00, 0.00, 13.88, 3.91, 44.49, 9.81, -26.48, 0.00, 0.10, 0.01, 34.53, -17.26, -10.32, -0.00, -0.00, -0.00, 34.93, -17.90, -20.25, -0.00, -0.00, -0.00
-237.00, 0.00, 0.00, 0.00, 0.00, 0.00, 13.88, 3.91, 45.05, 9.47, -27.40, 0.00, 0.11, 0.01, 35.04, -17.59, -11.25, -0.00, 0.00, -0.00, 35.03, -17.91, -19.83, -0.00, 0.00, -0.00
-236.00, 0.00, 0.00, 0.00, 0.00, 0.00, 14.00, 3.91, 45.05, 9.21, -26.73, 0.00, 0.10, 0.01, 35.00, -17.85, -10.62, -0.00, -0.00, -0.00, 35.12, -18.01, -19.39, -0.00, -0.00, -0.01
-235.00, 0.00, 0.00, 0.00, 0.00, 0.00, 13.88, 3.91, 45.15, 9.38, -27.27, -0.00, 0.10, 0.01, 35.04, -17.65, -11.15, 0.00, -0.01, -0.00, 35.21, -18.00, -19.01, -0.00, -0.01, -0.00
-234.00, 0.00, 0.00, 0.00, 0.00, 0.00, 14.00, 3.91, 45.45, 9.22, -26.32, -0.00, 0.10, 0.01, 35.31, -17.81, -10.24, 0.00, -0.00, -0.00, 35.31, -18.04, -18.60, 0.00, -0.00, -0.00
-233.00, 0.00, 0.00, 0.00, 0.00, 0.00, 14.13, 3.91, 45.32, 8.81, -26.26, 0.00, 0.10, 0.01, 35.13, -18.21, -10.22, -0.00, -0.00, -0.00, 35.38, -18.21, -18.20, -0.00, -0.00, -0.00
-232.00, 0.00, 0.00, 0.00, 0.00, 0.00, 14.25, 3.91, 45.22, 8.52, -26.48, -0.00, 0.10, 0.01, 34.99, -18.50, -10.48, 0.00, -0.00, -0.00, 35.43, -18.42, -17.83, -0.00, -0.00, -0.01
-231.00, 0.00, 0.00, 0.00, 0.00, 0.00, 13.75, 3.91, 45.09, 8.78, -26.10, -0.00, 0.11, 0.01, 34.79, -18.19, -10.01, 0.00, 0.00, -0.00, 35.47, -18.44, -17.47, -0.00, 0.00, -0.00
-230.00, 0.00, 0.00, 0.00, 0.00, 0.00, 14.25, 3.91, 45.38, 8.18, -26.32, 0.00, 0.10, 0.01, 35.05, -18.81, -10.34, -0.00, -0.00, -0.00, 35.51, -18.67, -17.12, -0.00, -0.00, -0.00
-229.00, 0.00, 0.00, 0.00, 0.00, 0.00, 13.88, 3.91, 45.06, 8.89, -26.60, -0.00, 0.10, 0.01, 34.65, -18.07, -10.56, 0.00, -0.00, 0.00, 35.54, -18.55, -16.84, -0.00, -0.00, -0.00
-228.00, 0.00, 0.00, 0.00, 0.00, 0.00, 13.75, 3.91, 44.97, 8.36, -26.94, -0.00, 0.10, 0.01, 34.53, -18.58, -10.88, 0.00, 0.00, -0.00, 35.55, -18.65, -16.58, -0.00, 0.00, -0.00
-227.00, 0.00, 0.00, 0.00, 0.00, 0.00, 13.63, 3.91, 45.83, 9.46, -27.10, 0.00, 0.10, 0.01, 35.33, -17.46, -11.03, -0.00, -0.00, -0.00, 35.61, -18.31, -16.34, -0.00, -0.00, -0.00
-226.00, 0.00, 0.00, 0.00, 0.00, 0.00, 14.00, 3.91, 45.53, 8.99, -26.38, 0.00, 0.10, 0.01, 35.00, -17.95, -10.43, -0.00, -0.01, -0.00, 35.65, -18.27, -16.07, -0.00, -0.01, -0.00
-225.00, 0.00, 0.00, 0.00, 0.00, 0.00, 14.25, 3.91, 46.13, 8.81, -27.29, 0.00, 0.10, 0.01, 35.59, -18.15, -11.45, -0.00, -0.00, -0.00, 35.69, -18.29, -15.86, -0.00, -0.00, -0.00
-224.00, 0.00, 0.00, 0.00, 0.00, 0.00, 13.88, 3.91, 45.91, 8.61, -26.78, 0.00, 0.10, 0.01, 35.27, -18.29, -10.80, -0.00, -0.00, -0.00, 35.72, -18.36, -15.62, -0.00, -0.00, -0.00
-223.00, 0.00, 0.00, 0.00, 0.00, 0.00, 14.13, 3.91, 45.79, 8.33, -26.50, 0.01, 0.10, 0.01, 35.12, -18.57, -10.59, -0.01, -0.00, 0.00, 35.73, -18.51, -15.39, -0.01, -0.00, -0.00
-222.00, 0.00, 0.00, 0.00, 0.00, 0.00, 14.50, 3.91, 45.22, 8.17, -26.48, 0.00, 0.10, 0.01, 34.52, -18.75, -10.66, -0.00, -0.00, -0.00, 35.71, -18.66, -15.18, -0.00, -0.00, -0.00
-221.00, 0.00, 0.00, 0.00, 0.00, 0.00, 14.50, 3.91, 45.25, 8.64, -26.59, 0.04, 0.10, 0.01, 34.50, -18.27, -10.78, -0.04, -0.01, -0.00, 35.70, -18.59, -15.00, -0.04, -0.01, -0.00
-220.00, 0.00, 0.00, 0.00, 0.00, 0.00, 13.75, 3.91, 45.66, 8.84, -26.44, 0.00, 0.10, 0.01, 34.81, -18.00, -10.49, -0.00, -0.01, 0.00, 35.70, -18.45, -14.82, -0.00, -0.01, -0.00
-219.00, 0.00, 0.00, 0.00, 0.00, 0.00, 13.88, 3.91, 44.77, 8.71, -26.53, 0.00, 0.10, 0.01, 33.88, -18.13, -10.62, -0.00, -0.00, -0.00, 35.65, -18.40, -14.67, -0.01, -0.00, -0.00
-218.00, 0.00, 0.00, 0.00, 0.00, 0.00, 14.13, 3.92, 45.50, 8.77, -27.40, -0.00, 0.10, 0.01, 34.59, -18.08, -11.56, 0.00, 0.00, -0.00, 35.63, -18.34, -14.55, 0.00, 0.00, -0.00
-217.00, 0.00, 0.00, 0.00, 0.00, 0.00, 14.25, 3.91, 46.16, 9.49, -27.87, -0.00, 0.10, 0.01, 35.19, -17.35, -12.06, 0.00, -0.00, 0.00, 35.65, -18.03, -14.46, 0.00, -0.00, -0.00
-216.00, 0.00, 0.00, 0.00, 0.00, 0.00, 13.75, 3.92, 46.04, 9.41, -27.32, 0.00, 0.10, 0.01, 35.00, -17.38, -11.42, -0.00, -0.00, -0.00, 35.66, -17.85, -14.34, -0.00, -0.00, -0.00
-215.00, 0.00, 0.00, 0.00, 0.00, 0.00, 14.00, 3.92, 46.19, 8.56, -26.76, -0.00, 0.10, 0.01, 35.12, -18.24, -10.92, 0.00, -0.00, -0.00, 35.66, -18.03, -14.18, 0.00, -0.00, -0.00
-214.00, 0.00, 0.00, 0.00, 0.00, 0.00, 14.25, 3.92, 45.94, 8.39, -26.86, 0.00, 0.11, 0.01, 34.83, -18.42, -11.09, -0.00, 0.00, -0.00, 35.64, -18.21, -14.05, -0.00, 0.00, -0.00
-213.00, 0.00, 0.00, 0.00, 0.00, 0.00, 14.13, 3.92, 46.35, 8.73, -26.79, 0.00, 0.10, 0.01, 35.18, -18.06, -11.00, -0.00, -0.00, -0.00, 35.65, -18.20, -13.91, -0.01, -0.00, -0.00
-212.00, 0.00, 0.00, 0.00, 0.00, 0.00, 14.00, 3.92, 45.97, 7.57, -26.89, 0.00, 0.10, 0.01, 34.75, -19.19, -11.09, -0.00, -0.00, -0.00, 35.61, -18.59, -13.78, -0.00, -0.00, -0.00
-211.00, 0.00, 0.00, 0.00, 0.00, 0.00, 14.13, 3.92, 46.36, 7.28, -27.05, 0.01, 0.10, 0.01, 35.10, -19.48, -11.29, -0.01, -0.00, -0.00, 35.59, -18.94, -13.65, -0.01, -0.00, -0.00
-210.00, 0.00, 0.00, 0.00, 0.00, 0.00, 14.00, 3.92, 45.41, 8.33, -27.74, 0.00, 0.10, 0.01, 34.09, -18.41, -11.96, -0.00, -0.00, -0.00, 35.53, -18.79, -13.61, -0.00, -0.00, -0.00
-209.00, 0.00, 0.00, 0.00, 0.00, 0.00, 14.13, 3.92, 45.72, 7.80, -28.34, -0.00, 0.10, 0.01, 34.35, -18.93, -12.60, 0.00, -0.00, -0.00, 35.47, -18.86, -13.59, -0.00, -0.00, -0.00
-208.00, 0.00, 0.00, 0.00, 0.00, 0.00, 14.38, 3.92, 46.05, 9.16, -27.35, 0.00, 0.10, 0.01, 34.67, -17.58, -11.67, -0.00, -0.00, -0.00, 35.47, -18.45, -13.54, -0.00, -0.00, -0.00
-207.00, 0.00, 0.00, 0.00, 0.00, 0.00, 14.13, 3.92, 46.13, 7.97, -27.11, 0.00, 0.10, 0.01, 34.65, -18.73, -11.34, -0.00, -0.00, -0.00, 35.44, -18.58, -13.44, -0.00, -0.00, -0.00
-206.00, 0.00, 0.00, 0.00, 0.00, 0.00, 14.13, 3.92, 46.67, 8.35, -27.97, 0.00, 0.10, 0.01, 35.15, -18.36, -12.27, -0.00, -0.00, 0.00, 35.44, -18.52, -13.40, -0.01, -0.00, 0.00
-205.00, 0.00, 0.00, 0.00, 0.00, 0.00, 14.25, 3.92, 46.76, 7.40, -27.36, 0.00, 0.11, 0.01, 35.20, -19.30, -11.69, -0.00, 0.00, -0.00, 35.43, -18.82, -13.31, -0.00, 0.00, -0.00
-204.00, 0.00, 0.00, 0.00, 0.00, 0.00, 14.38, 3.92, 47.03, 7.57, -27.21, 0.00, 0.11, 0.01, 35.43, -19.13, -11.58, -0.00, 0.00, -0.00, 35.45, -18.95, -13.21, -0.00, 0.00, -0.00
-203.00, 0.00, 0.00, 0.00, 0.00, 0.00, 13.75, 3.92, 46.32, 6.93, -27.36, 0.00, 0.11, 0.01, 34.64, -19.71, -11.61, -0.00, 0.00, -0.00, 35.40, -19.24, -13.14, -0.00, 0.00, -0.00
-202.00, 0.00, 0.00, 0.00, 0.00, 0.00, 14.13, 3.92, 46.43, 6.72, -27.64, -0.00, 0.10, 0.01, 34.73, -19.93, -11.97, 0.00, -0.01, -0.00, 35.36, -19.50, -13.08, -0.00, -0.01, -0.00
-201.00, 0.00, 0.00, 0.00, 0.00, 0.00, 13.88, 3.92, 46.07, 6.69, -27.67, 0.00, 0.10, 0.01, 34.30, -19.93, -11.96, -0.00, -0.01, -0.00, 35.30, -19.67, -13.04, -0.01, -0.01, -0.00
-200.00, 0.00, 0.00, 0.00, 0.00, 0.00, 14.13, 3.92, 46.45, 7.97, -28.38, 0.00, 0.10, 0.01, 34.64, -18.67, -12.74, -0.00, -0.01, -0.00, 35.29, -19.33, -13.06, -0.00, -0.01, -0.00
-199.00, 0.00, 0.00, 0.00, 0.00, 0.00, 13.75, 3.92, 46.70, 8.39, -28.82, 0.00, 0.10, 0.01, 34.82, -18.21, -13.11, -0.00, -0.00, -0.00, 35.28, -18.94, -13.10, -0.00, -0.00, -0.00
-198.00, 0.00, 0.00, 0.00, 0.00, 0.00, 14.13, 3.92, 46.78, 7.94, -28.38, 0.00, 0.10, 0.01, 34.88, -18.67, -12.76, -0.00, -0.00, -0.00, 35.27, -18.86, -13.10, -0.00, -0.00, -0.00
-197.00, 0.00, 0.00, 0.00, 0.00, 0.00, 13.88, 3.92, 47.05, 7.40, -28.24, 0.01, 0.10, 0.01, 35.07, -19.19, -12.57, -0.01, -0.01, -0.00, 35.26, -18.98, -13.07, -0.01, -0.01, -0.00
-196.00, 0.00, 0.00, 0.00, 0.00, 0.00, 14.25, 3.92, 47.14, 6.88, -27.55, 0.00, 0.10, 0.01, 35.14, -19.71, -11.97, -0.00, -0.00, -0.00, 35.25, -19.25, -13.01, -0.00, -0.00, -0.00
-195.00, 0.00, 0.00, 0.00, 0.00, 0.00, 14.25, 3.92, 47.21, 6.69, -28.27, 0.00, 0.10, 0.01, 35.16, -19.89, -12.70, -0.00, -0.01, -0.00, 35.23, -19.48, -12.98, -0.00, -0.01, -0.00
-194.00, 0.00, 0.00, 0.00, 0.00, 0.00, 14.25, 3.93, 46.26, 6.55, -27.87, 0.00, 0.11, 0.01, 34.17, -20.03, -12.32, -0.00, 0.00, -0.00, 35.17, -19.68, -12.97, -0.00, 0.00, -0.00
-193.00, 0.00, 0.00, 0.00, 0.00, 0.00, 14.13, 3.93, 45.43, 6.93, -28.33, -0.00, 0.10, 0.01, 33.28, -19.63, -12.75, 0.00, -0.01, -0.00, 35.06, -19.68, -13.00, -0.00, -0.01, -0.00
-192.00, 0.00, 0.00, 0.00, 0.00, 0.00, 14.13, 3.93, 45.82, 6.81, -28.06, -0.00, 0.10, 0.01, 33.62, -19.73, -12.50, 0.00, -0.00, -0.00, 34.98, -19.71, -13.01, -0.00, -0.00, -0.00
-191.00, 0.00, 0.00, 0.00, 0.00, 0.00, 14.38, 3.93, 46.84, 8.18, -27.86, 0.00, 0.10, 0.01, 34.61, -18.36, -12.36, -0.00, -0.00, -0.00, 34.99, -19.26, -13.01, -0.00, -0.00, -0.00
-190.00, 0.00, 0.00, 0.00, 0.00, 0.00, 14.25, 3.93, 46.42, 8.32, -28.16, 0.00, 0.10, 0.01, 34.13, -18.21, -12.65, -0.00, -0.00, 0.00, 34.97, -18.90, -13.03, -0.01, -0.00, 0.00
-189.00, 0.00, 0.00, 0.00, 0.00, 0.00, 13.88, 3.93, 46.67, 7.76, -28.19, -0.00, 0.10, 0.01, 34.31, -18.74, -12.63, 0.00, -0.00, -0.00, 34.94, -18.86, -13.03, -0.00, -0.00, -0.00
-188.00, 0.00, 0.00, 0.00, 0.00, 0.00, 13.75, 3.93, 47.30, 7.53, -28.88, 0.00, 0.10, 0.01, 34.89, -18.97, -13.36, -0.00, -0.00, -0.00, 34.93, -18.89, -13.04, -0.00, -0.00, -0.00
-187.00, 0.00, 0.00, 0.00, 0.00, 0.00, 13.88, 3.93, 47.56, 6.58, -28.24, 0.00, 0.10, 0.01, 35.09, -19.89, -12.67, -0.00, -0.01, 0.00, 34.92, -19.24, -13.00, -0.00, -0.01, 0.00
-186.00, 0.00, 0.00, 0.00, 0.00, 0.00, 14.38, 3.93, 47.00, 5.95, -28.11, 0.00, 0.10, 0.01, 34.52, -20.54, -12.65, -0.00, -0.00, -0.00, 34.87, -19.70, -12.97, -0.00, -0.00, -0.00
-185.00, 0.00, 0.00, 0.00, 0.00, 0.00, 14.50, 3.93, 47.47, 6.20, -27.55, 0.01, 0.10, 0.01, 34.94, -20.29, -12.13, -0.01, -0.00, 0.00, 34.87, -19.92, -12.92, -0.01, -0.00, 0.00
-184.00, 0.00, 0.00, 0.00, 0.00, 0.00, 14.25, 3.93, 46.92, 5.31, -27.71, 0.00, 0.10, 0.01, 34.32, -21.15, -12.25, -0.00, -0.00, -0.00, 34.82, -20.36, -12.87, -0.00, -0.00, -0.00
-183.00, 0.00, 0.00, 0.00, 0.00, 0.00, 14.25, 3.93, 46.64, 6.05, -28.47, 0.00, 0.10, 0.01, 33.99, -20.40, -13.02, -0.00, -0.00, -0.00, 34.77, -20.38, -12.90, -0.00, -0.00, -0.00
-182.00, 0.00, 0.00, 0.00, 0.00, 0.00, 14.38, 3.93, 45.81, 5.96, -28.68, 0.00, 0.10, 0.01, 33.11, -20.48, -13.26, -0.00, -0.00, 0.00, 34.66, -20.42, -12.95, -0.00, -0.00, -0.00
-181.00, 0.00, 0.00, 0.00, 0.00, 0.00, 13.88, 3.93, 46.01, 6.40, -29.10, 0.00, 0.10, 0.01, 33.23, -20.00, -13.59, -0.00, -0.00, -0.00, 34.58, -20.27, -13.03, -0.00, -0.00, -0.00
-180.00, 0.00, 0.00, 0.00, 0.00, 0.00, 13.88, 3.93, 46.95, 7.38, -29.07, 0.00, 0.10, 0.01, 34.13, -19.01, -13.57, -0.00, -0.00, -0.00, 34.57, -19.83, -13.09, -0.00, -0.00, -0.00
-179.00, 0.00, 0.00, 0.00, 0.00, 0.00, 14.25, 3.93, 46.99, 7.61, -29.47, 0.00, 0.10, 0.01, 34.15, -18.79, -14.05, -0.00, -0.01, -0.00, 34.56, -19.45, -13.17, -0.00, -0.01, -0.00
-178.00, 0.00, 0.00, 0.00, 0.00, 0.00, 13.88, 3.93, 47.72, 7.02, -29.90, 0.00, 0.10, 0.01, 34.80, -19.35, -14.42, -0.01, -0.00, -0.00, 34.56, -19.40, -13.23, -0.00, -0.00, -0.00
-177.00, 0.00, 0.00, 0.00, 0.00, 0.00, 13.88, 3.93, 47.76, 5.79, -28.09, 0.00, 0.10, 0.01, 34.80, -20.57, -12.61, -0.01, 0.00, -0.00, 34.55, -19.81, -13.17, -0.01, 0.00, -0.00
-176.00, 0.00, 0.00, 0.00, 0.00, 0.00, 14.25, 3.93, 47.88, 5.42, -28.82, -0.00, 0.11, 0.01, 34.89, -20.95, -13.43, 0.00, 0.00, -0.00, 34.54, -20.20, -13.15, 0.00, 0.00, -0.00
-175.00, 0.00, 0.00, 0.00, 0.00, 0.00, 14.00, 3.93, 47.65, 5.29, -28.73, 0.00, 0.10, 0.01, 34.58, -21.05, -13.30, -0.00, -0.00, -0.00, 34.53, -20.49, -13.14, -0.00, -0.00, -0.00
-174.00, 0.00, 0.00, 0.00, 0.00, 0.00, 14.00, 3.93, 47.84, 4.66, -28.71, 0.00, 0.10, 0.01, 34.71, -21.67, -13.28, -0.00, -0.00, -0.00, 34.51, -20.90, -13.12, -0.00, -0.00, -0.00
-173.00, 0.00, 0.00, 0.00, 0.00, 0.00, 14.38, 3.93, 46.48, 4.91, -28.90, 0.00, 0.10, 0.01, 33.34, -21.44, -13.55, -0.00, -0.00, -0.00, 34.42, -21.08, -13.16, -0.00, -0.00, -0.00
-172.00, 0.00, 0.00, 0.00, 0.00, 0.00, 14.00, 3.93, 46.58, 5.76, -28.60, -0.00, 0.10, 0.01, 33.36, -20.55, -13.19, 0.00, -0.01, -0.00, 34.37, -20.90, -13.20, 0.00, -0.01, -0.00
-171.00, 0.00, 0.00, 0.00, 0.00, 0.00, 14.13, 3.93, 46.35, 5.48, -29.06, -0.00, 0.10, 0.01, 33.09, -20.82, -13.68, 0.00, -0.00, -0.00, 34.29, -20.88, -13.25, -0.00, -0.00, -0.00
-170.00, 0.00, 0.00, 0.00, 0.00, 0.00, 14.13, 3.93, 47.06, 7.66, -29.96, 0.00, 0.10, 0.01, 33.75, -18.64, -14.59, -0.00, -0.00, -0.00, 34.28, -20.08, -13.38, -0.00, -0.00, -0.00
-169.00, 0.00, 0.00, 0.00, 0.00, 0.00, 13.88, 3.93, 47.25, 7.02, -29.99, 0.00, 0.10, 0.01, 33.87, -19.25, -14.57, -0.00, -0.01, -0.00, 34.26, -19.77, -13.46, -0.00, -0.01, -0.00
-168.00, 0.00, 0.00, 0.00, 0.00, 0.00, 14.13, 3.93, 48.07, 6.66, -29.14, 0.00, 0.11, 0.01, 34.66, -19.61, -13.79, -0.00, 0.00, -0.00, 34.28, -19.71, -13.48, -0.00, 0.00, -0.00
-167.00, 0.00, 0.00, 0.00, 0.00, 0.00, 14.25, 3.93, 48.11, 5.54, -28.69, -0.00, 0.10, 0.01, 34.66, -20.73, -13.36, 0.00, -0.00, -0.00, 34.28, -20.06, -13.44, 0.00, -0.00, -0.00
-166.00, 0.00, 0.00, 0.00, 0.00, 0.00, 14.25, 3.93, 48.19, 5.28, -28.92, 0.01, 0.10, 0.01, 34.68, -20.98, -13.61, -0.01, -0.00, -0.00, 34.29, -20.38, -13.42, -0.01, -0.00, -0.00
-165.00, 0.00, 0.00, 0.00, 0.00, 0.00, 14.13, 3.94, 47.69, 4.56, -28.79, -0.01, 0.10, 0.01, 34.14, -21.68, -13.46, 0.01, -0.01, -0.00, 34.25, -20.83, -13.40, 0.01, -0.01, -0.00
-164.00, 0.00, 0.00, 0.00, 0.00, 0.00, 14.13, 3.93, 47.52, 4.88, -28.82, 0.00, 0.10, 0.01, 33.90, -21.35, -13.49, -0.00, -0.00, 0.00, 34.21, -21.01, -13.40, -0.00, -0.00, -0.00
-163.00, 0.00, 0.00, 0.00, 0.00, 0.00, 14.25, 3.94, 46.20, 4.22, -29.25, 0.01, 0.10, 0.01, 32.55, -22.00, -13.95, -0.01, -0.01, -0.00, 34.08, -21.36, -13.45, -0.01, -0.01, -0.00
-162.00, 0.00, 0.00, 0.00, 0.00, 0.00, 14.00, 3.94, 46.46, 6.09, -29.52, 0.00, 0.10, 0.01, 32.74, -20.10, -14.18, -0.00, -0.01, -0.00, 34.02, -20.92, -13.55, -0.00, -0.01, -0.00
-161.00, 0.00, 0.00, 0.00, 0.00, 0.00, 14.38, 3.94, 46.93, 6.40, -29.66, 0.01, 0.10, 0.01, 33.19, -19.81, -14.40, -0.01, -0.00, -0.00, 33.98, -20.53, -13.63, -0.01, -0.00, -0.00
-160.00, 0.00, 0.00, 0.00, 0.00, 0.00, 14.13, 3.94, 47.72, 6.97, -29.85, 0.01, 0.10, 0.01, 33.91, -19.21, -14.54, -0.01, -0.01, -0.00, 33.99, -20.05, -13.71, -0.01, -0.01, -0.00
-159.00, 0.00, 0.00, 0.00, 0.00, 0.00, 14.00, 3.94, 47.82, 6.66, -30.24, 0.00, 0.10, 0.01, 33.95, -19.50, -14.92, -0.00, -0.00, -0.00, 33.98, -19.84, -13.79, -0.00, -0.00, -0.00
-158.00, 0.00, 0.00, 0.00, 0.00, 0.00, 14.25, 3.94, 48.55, 5.22, -29.30, 0.01, 0.10, 0.01, 34.64, -20.96, -14.04, -0.01, -0.00, -0.00, 33.99, -20.22, -13.76, -0.01, -0.00, -0.00
-157.00, 0.00, 0.00, 0.00, 0.00, 0.00, 14.38, 3.94, 48.14, 4.85, -29.83, 0.01, 0.10, 0.01, 34.19, -21.32, -14.60, -0.01, -0.00, -0.00, 33.97, -20.59, -13.78, -0.01, -0.00, -0.00
-156.00, 0.00, 0.00, 0.00, 0.00, 0.00, 14.25, 3.94, 48.77, 4.38, -28.46, 0.00, 0.11, 0.01, 34.76, -21.77, -13.20, -0.00, 0.00, 0.00, 34.00, -21.00, -13.70, -0.00, 0.00, 0.00
-155.00, 0.00, 0.00, 0.00, 0.00, 0.00, 14.25, 3.94, 48.22, 4.09, -29.14, -0.00, 0.10, 0.01, 34.15, -22.05, -13.90, 0.00, -0.00, -0.00, 33.98, -21.36, -13.68, 0.00, -0.00, -0.00
-154.00, 0.00, 0.00, 0.00, 0.00, 0.00, 13.88, 3.94, 48.60, 4.25, -29.73, 0.01, 0.10, 0.01, 34.46, -21.85, -14.41, -0.01, -0.00, -0.00, 33.99, -21.51, -13.70, -0.01, -0.00, -0.00
-153.00, 0.00, 0.00, 0.00, 0.00, 0.00, 14.13, 3.94, 47.25, 4.50, -29.90, 0.00, 0.10, 0.01, 33.08, -21.61, -14.64, -0.00, -0.00, -0.00, 33.92, -21.54, -13.77, -0.01, -0.00, -0.00
-152.00, 0.00, 0.00, 0.00, 0.00, 0.00, 14.25, 3.94, 46.76, 3.73, -30.96, 0.00, 0.10, 0.01, 32.54, -22.38, -15.73, -0.00, -0.01, -0.00, 33.79, -21.80, -13.89, -0.00, -0.01, -0.00
-151.00, 0.00, 0.00, 0.00, 0.00, 0.00, 14.25, 3.94, 46.86, 5.14, -29.85, -0.01, 0.10, 0.01, 32.59, -20.95, -14.60, 0.01, -0.00, -0.00, 33.72, -21.50, -13.98, 0.01, -0.00, -0.00
-150.00, 0.00, 0.00, 0.00, 0.00, 0.00, 14.25, 3.94, 47.60, 6.33, -30.18, -0.00, 0.10, 0.01, 33.28, -19.76, -14.96, 0.00, -0.00, -0.00, 33.72, -20.88, -14.08, 0.00, -0.00, -0.00
-149.00, 0.00, 0.00, 0.00, 0.00, 0.00, 14.25, 3.94, 47.90, 6.01, -29.90, -0.00, 0.10, 0.01, 33.52, -20.07, -14.69, 0.00, -0.01, -0.00, 33.71, -20.59, -14.13, 0.00, -0.01, -0.00
-148.00, 0.00, 0.00, 0.00, 0.00, 0.00, 14.38, 3.94, 49.14, 5.38, -30.28, 0.00, 0.10, 0.01, 34.73, -20.70, -15.10, -0.01, 0.00, 0.00, 33.76, -20.60, -14.15, -0.00, 0.00, 0.00
-147.00, 0.00, 0.00, 0.00, 0.00, 0.00, 14.13, 3.94, 48.83, 5.64, -30.81, 0.01, 0.10, 0.01, 34.35, -20.40, -15.58, -0.01, -0.00, -0.00, 33.78, -20.51, -14.22, -0.01, -0.00, -0.00
-146.00, 0.00, 0.00, 0.00, 0.00, 0.00, 14.25, 3.94, 49.08, 3.92, -30.63, 0.01, 0.10, 0.01, 34.55, -22.13, -15.44, -0.01, -0.01, -0.00, 33.78, -21.05, -14.22, -0.01, -0.00, -0.00
-145.00, 0.00, 0.00, 0.00, 0.00, 0.00, 14.13, 3.94, 48.87, 3.70, -30.30, 0.00, 0.10, 0.01, 34.30, -22.33, -15.08, -0.00, -0.00, 0.00, 33.77, -21.47, -14.23, -0.00, -0.00, 0.00
-144.00, 0.00, 0.00, 0.00, 0.00, 0.00, 14.13, 3.94, 48.42, 3.23, -29.39, 0.00, 0.11, 0.01, 33.79, -22.79, -14.18, -0.00, 0.00, 0.00, 33.74, -21.93, -14.19, -0.00, 0.00, 0.00
-143.00, 0.00, 0.00, 0.00, 0.00, 0.00, 14.13, 3.94, 47.73, 3.60, -29.32, -0.00, 0.10, 0.01, 33.05, -22.41, -14.11, 0.00, -0.00, -0.00, 33.69, -22.10, -14.19, 0.00, -0.00, -0.00
-142.00, 0.00, 0.00, 0.00, 0.00, 0.00, 14.38, 3.94, 47.15, 3.79, -29.95, 0.00, 0.10, 0.01, 32.43, -22.23, -14.80, -0.00, -0.00, -0.00, 33.60, -22.14, -14.25, -0.00, -0.00, -0.00
-141.00, 0.00, 0.00, 0.00, 0.00, 0.00, 13.88, 3.94, 47.60, 5.00, -31.07, -0.01, 0.10, 0.01, 32.80, -20.97, -15.82, 0.01, -0.00, -0.00, 33.55, -21.71, -14.38, 0.01, -0.00, -0.00
-140.00, 0.00, 0.00, 0.00, 0.00, 0.00, 14.38, 3.94, 47.57, 5.17, -31.23, -0.00, 0.10, 0.01, 32.75, -20.82, -16.09, 0.00, -0.00, -0.00, 33.50, -21.38, -14.51, 0.00, -0.00, -0.00
-139.00, 0.00, 0.00, 0.00, 0.00, 0.00, 14.50, 3.94, 49.50, 5.66, -31.54, -0.00, 0.10, 0.01, 34.64, -20.33, -16.43, 0.00, -0.01, -0.00, 33.56, -20.97, -14.61, 0.00, -0.01, -0.00
-138.00, 0.00, 0.00, 0.00, 0.00, 0.00, 14.38, 3.94, 49.12, 5.57, -31.92, 0.01, 0.10, 0.01, 34.20, -20.40, -16.79, -0.01, -0.00, -0.00, 33.58, -20.73, -14.72, -0.01, -0.00, -0.00
-137.00, 0.00, 0.00, 0.00, 0.00, 0.00, 14.38, 3.94, 49.27, 3.81, -31.07, 0.00, 0.09, 0.01, 34.29, -22.14, -15.94, -0.00, -0.01, -0.00, 33.58, -21.19, -14.73, -0.00, -0.01, -0.00
-136.00, 0.00, 0.00, 0.00, 0.00, 0.00, 14.50, 3.94, 49.06, 3.29, -30.15, -0.00, 0.09, 0.01, 34.05, -22.67, -15.05, 0.00, -0.01, 0.00, 33.57, -21.70, -14.70, 0.00, -0.01, 0.00
-135.00, 0.00, 0.00, 0.00, 0.00, 0.00, 14.38, 3.94, 49.08, 2.67, -30.52, -0.01, 0.10, 0.01, 34.01, -23.27, -15.42, 0.01, -0.01, -0.00, 33.55, -22.23, -14.69, 0.01, -0.01, -0.00
-134.00, 0.00, 0.00, 0.00, 0.00, 0.00, 14.00, 3.95, 48.67, 3.42, -30.31, -0.01, 0.10, 0.01, 33.57, -22.53, -15.25, 0.01, 0.00, -0.00, 33.54, -22.33, -14.71, 0.01, 0.00, -0.00
-133.00, 0.00, 0.00, 0.00, 0.00, 0.00, 14.25, 3.94, 48.13, 3.17, -31.25, -0.01, 0.10, 0.01, 32.94, -22.74, -16.11, 0.00, -0.00, -0.00, 33.47, -22.45, -14.79, 0.00, -0.00, -0.00
-132.00, 0.00, 0.00, 0.00, 0.00, 0.00, 14.25, 3.94, 47.63, 4.17, -30.82, -0.00, 0.10, 0.01, 32.39, -21.73, -15.69, 0.00, 0.00, -0.00, 33.41, -22.19, -14.88, 0.00, 0.00, -0.00
-131.00, 0.00, 0.00, 0.00, 0.00, 0.00, 14.50, 3.95, 48.33, 5.42, -31.95, -0.00, 0.09, 0.01, 33.06, -20.49, -16.87, 0.00, -0.01, -0.00, 33.39, -21.56, -15.04, 0.00, -0.01, -0.00
-130.00, 0.00, 0.00, 0.00, 0.00, 0.00, 14.38, 3.95, 49.01, 5.07, -31.04, -0.01, 0.10, 0.01, 33.68, -20.82, -15.94, 0.00, -0.00, -0.00, 33.41, -21.28, -15.10, 0.01, -0.00, -0.00
-129.00, 0.00, 0.00, 0.00, 0.00, 0.00, 14.25, 3.95, 49.31, 4.49, -30.65, -0.00, 0.10, 0.01, 33.92, -21.38, -15.53, 0.00, -0.00, -0.00, 33.44, -21.31, -15.10, 0.00, -0.00, -0.00
-128.00, 0.00, 0.00, 0.00, 0.00, 0.00, 14.63, 3.95, 49.87, 3.64, -30.52, 0.00, 0.10, 0.01, 34.45, -22.25, -15.48, -0.00, -0.00, -0.00, 33.48, -21.62, -15.07, 0.00, -0.00, -0.00
-127.00, 0.00, 0.00, 0.00, 0.00, 0.00, 14.00, 3.95, 49.12, 2.92, -30.37, 0.01, 0.10, 0.01, 33.61, -22.91, -15.20, -0.01, -0.00, -0.00, 33.45, -22.06, -15.04, -0.01, -0.00, -0.00
-126.00, 0.00, 0.00, 0.00, 0.00, 0.00, 14.38, 3.95, 49.81, 2.72, -30.06, -0.01, 0.10, 0.01, 34.27, -23.13, -14.98, 0.01, -0.00, -0.00, 33.48, -22.43, -14.99, 0.01, -0.00, -0.00
-125.00, 0.00, 0.00, 0.00, 0.00, 0.00, 14.25, 3.95, 48.98, 1.93, -29.71, 0.01, 0.10, 0.01, 33.38, -23.90, -14.60, -0.01, -0.01, 0.00, 33.44, -22.95, -14.93, -0.01, -0.01, 0.00
-124.00, 0.00, 0.00, 0.00, 0.00, 0.00, 14.13, 3.95, 48.48, 3.62, -30.90, -0.00, 0.10, 0.01, 32.82, -22.18, -15.77, 0.00, -0.00, -0.00, 33.41, -22.67, -15.02, 0.00, -0.00, -0.00
-123.00, 0.00, 0.00, 0.00, 0.00, 0.00, 13.88, 3.95, 48.07, 3.55, -31.37, 0.00, 0.10, 0.01, 32.34, -22.23, -16.18, -0.00, -0.00, 0.00, 33.33, -22.50, -15.12, -0.00, -0.00, 0.00
-122.00, 0.00, 0.00, 0.00, 0.00, 0.00, 13.88, 3.95, 48.57, 4.74, -31.23, -0.01, 0.10, 0.01, 32.79, -21.04, -16.06, 0.01, -0.01, 0.00, 33.32, -21.98, -15.22, 0.01, -0.01, 0.00
-121.00, 0.00, 0.00, 0.00, 0.00, 0.00, 14.50, 3.95, 48.51, 4.55, -31.47, 0.01, 0.10, 0.01, 32.72, -21.26, -16.42, -0.01, -0.00, -0.00, 33.28, -21.71, -15.31, -0.01, -0.00, -0.00
-120.00, 0.00, 0.00, 0.00, 0.00, 0.00, 14.25, 3.95, 49.34, 4.49, -31.29, -0.00, 0.10, 0.01, 33.48, -21.29, -16.20, 0.00, -0.00, -0.00, 33.29, -21.55, -15.37, 0.00, -0.00, -0.00
-119.00, 0.00, 0.00, 0.00, 0.00, 0.00, 14.25, 3.95, 49.34, 4.44, -32.56, 0.00, 0.11, 0.01, 33.43, -21.32, -17.47, -0.00, 0.01, -0.00, 33.27, -21.43, -15.48, -0.00, 0.01, -0.00
-118.00, 0.00, 0.00, 0.00, 0.00, 0.00, 14.13, 3.95, 49.85, 3.49, -31.63, 0.01, 0.10, 0.01, 33.88, -22.26, -16.51, -0.01, -0.01, -0.00, 33.28, -21.69, -15.49, -0.01, -0.01, -0.00
-117.00, 0.00, 0.00, 0.00, 0.00, 0.00, 14.00, 3.95, 49.74, 2.24, -29.83, 0.01, 0.10, 0.01, 33.71, -23.49, -14.69, -0.01, -0.00, -0.00, 33.27, -22.33, -15.39, -0.01, -0.00, -0.00
-116.00, 0.00, 0.00, 0.00, 0.00, 0.00, 14.25, 3.95, 50.00, 2.31, -31.07, -0.01, 0.10, 0.01, 33.93, -23.43, -15.99, 0.00, -0.00, -0.00, 33.28, -22.70, -15.38, 0.01, -0.00, -0.00
-115.00, 0.00, 0.00, 0.00, 0.00, 0.00, 14.13, 3.95, 49.59, 1.65, -30.40, 0.00, 0.10, 0.01, 33.48, -24.08, -15.34, -0.00, -0.01, -0.00, 33.26, -23.18, -15.33, -0.00, -0.01, -0.00
-114.00, 0.00, 0.00, 0.00, 0.00, 0.00, 14.50, 3.95, 49.59, 1.36, -31.00, 0.01, 0.10, 0.01, 33.42, -24.36, -15.92, -0.01, -0.01, -0.00, 33.24, -23.58, -15.33, -0.01, -0.01, -0.00
-113.00, 0.00, 0.00, 0.00, 0.00, 0.00, 14.50, 3.95, 48.52, 2.03, -31.03, -0.00, 0.10, 0.01, 32.32, -23.69, -16.00, 0.00, -0.00, -0.00, 33.16, -23.61, -15.39, 0.00, -0.00, -0.00
-112.00, 0.00, 0.00, 0.00, 0.00, 0.00, 14.13, 3.95, 49.04, 3.17, -32.11, 0.00, 0.10, 0.01, 32.75, -22.52, -17.01, -0.00, -0.00, 0.00, 33.14, -23.20, -15.52, -0.00, -0.00, 0.00
-111.00, 0.00, 0.00, 0.00, 0.00, 0.00, 14.38, 3.95, 48.77, 2.72, -32.17, 0.01, 0.10, 0.01, 32.46, -22.98, -17.12, -0.01, -0.01, -0.00, 33.07, -23.10, -15.63, -0.01, -0.01, -0.00
-110.00, 0.00, 0.00, 0.00, 0.00, 0.00, 14.25, 3.95, 48.80, 3.35, -32.45, 0.00, 0.10, 0.01, 32.42, -22.33, -17.37, -0.00, -0.00, -0.00, 33.02, -22.80, -15.77, -0.00, -0.00, -0.00
-109.00, 0.00, 0.00, 0.00, 0.00, 0.00, 14.25, 3.95, 48.68, 3.22, -33.03, 0.01, 0.11, 0.01, 32.26, -22.45, -17.96, -0.01, 0.00, -0.00, 32.95, -22.64, -15.92, -0.01, 0.00, -0.00
-108.00, 0.00, 0.00, 0.00, 0.00, 0.00, 14.25, 3.95, 49.49, 4.02, -32.87, 0.01, 0.10, 0.01, 33.01, -21.64, -17.80, -0.01, -0.00, 0.00, 32.95, -22.25, -16.04, -0.01, -0.00, 0.00
-107.00, 0.00, 0.00, 0.00, 0.00, 0.00, 14.00, 3.95, 50.15, 3.98, -33.21, 0.00, 0.10, 0.01, 33.60, -21.66, -18.09, -0.00, -0.01, -0.00, 32.97, -22.00, -16.15, -0.00, -0.00, -0.00
-106.00, 0.00, 0.00, 0.00, 0.00, 0.00, 14.00, 3.95, 50.67, 2.56, -31.56, 0.01, 0.10, 0.01, 34.08, -23.06, -16.44, -0.01, -0.00, -0.00, 33.02, -22.36, -16.11, -0.01, -0.00, -0.00
-105.00, 0.00, 0.00, 0.00, 0.00, 0.00, 14.38, 3.95, 50.70, 1.75, -30.84, 0.00, 0.10, 0.01, 34.08, -23.89, -15.80, -0.00, -0.01, -0.00, 33.05, -22.89, -16.02, -0.00, -0.01, -0.00
-104.00, 0.00, 0.00, 0.00, 0.00, 0.00, 14.13, 3.95, 50.67, 1.14, -31.72, -0.01, 0.10, 0.01, 33.98, -24.47, -16.62, 0.01, -0.00, -0.00, 33.07, -23.42, -15.99, 0.01, -0.00, -0.00
-103.00, 0.00, 0.00, 0.00, 0.00, 0.00, 14.38, 3.95, 49.63, 0.82, -31.61, 0.01, 0.10, 0.01, 32.91, -24.80, -16.57, -0.01, -0.01, -0.00, 33.02, -23.89, -15.98, -0.01, -0.01, -0.00
-102.00, 0.00, 0.00, 0.00, 0.00, 0.00, 14.00, 3.95, 50.06, 0.99, -31.86, 0.00, 0.10, 0.01, 33.25, -24.59, -16.75, -0.00, -0.00, -0.00, 33.01, -24.12, -16.00, -0.00, -0.00, -0.00
-101.00, 0.00, 0.00, 0.00, 0.00, 0.00, 14.50, 3.95, 49.08, 2.29, -33.44, -0.00, 0.10, 0.01, 32.26, -23.31, -18.43, 0.00, -0.00, -0.00, 32.94, -23.79, -16.18, 0.00, -0.00, -0.00
-100.00, 0.00, 0.00, 0.00, 0.00, 0.00, 14.25, 3.95, 48.77, 3.23, -32.96, 0.00, 0.10, 0.01, 31.88, -22.35, -17.90, -0.00, -0.00, 0.00, 32.87, -23.26, -16.34, -0.01, -0.00, 0.00
-99.00, 0.00, 0.00, 0.00, 0.00, 0.00, 14.25, 3.95, 49.25, 3.26, -33.46, 0.02, 0.10, 0.01, 32.31, -22.31, -18.39, -0.02, -0.01, 0.00, 32.82, -22.89, -16.50, -0.02, -0.01, 0.00
-98.00, 0.00, 0.00, 0.00, 0.00, 0.00, 14.13, 3.95, 50.60, 3.42, -33.98, 0.01, 0.10, 0.01, 33.59, -22.13, -18.89, -0.01, 0.00, -0.00, 32.85, -22.57, -16.63, -0.01, 0.00, -0.00
-97.00, 0.00, 0.00, 0.00, 0.00, 0.00, 14.38, 3.95, 50.88, 3.54, -32.67, 0.00, 0.10, 0.01, 33.82, -22.01, -17.58, -0.00, -0.00, 0.00, 32.92, -22.35, -16.67, -0.00, -0.00, 0.00
-96.00, 0.00, 0.00, 0.00, 0.00, 0.00, 14.00, 3.95, 51.34, 2.08, -31.61, 0.01, 0.10, 0.01, 34.25, -23.47, -16.55, -0.01, -0.01, 0.00, 32.98, -22.73, -16.60, -0.01, -0.01, 0.00
-95.00, 0.00, 0.00, 0.00, 0.00, 0.00, 14.50, 3.95, 51.64, 0.61, -31.67, 0.01, 0.10, 0.01, 34.51, -24.94, -16.66, -0.01, -0.00, -0.00, 33.03, -23.49, -16.49, -0.01, -0.00, -0.00
-94.00, 0.00, 0.00, 0.00, 0.00, 0.00, 14.38, 3.95, 51.01, 0.31, -31.94, -0.01, 0.10, 0.01, 33.82, -25.23, -16.90, 0.01, -0.00, -0.00, 33.03, -24.08, -16.44, 0.01, 0.00, -0.00
-93.00, 0.00, 0.00, 0.00, 0.00, 0.00, 14.38, 3.95, 49.99, 1.30, -32.37, 0.00, 0.10, 0.01, 32.73, -24.22, -17.34, -0.00, -0.01, -0.00, 33.00, -24.12, -16.50, -0.00, -0.01, -0.00
-92.00, 0.00, 0.00, 0.00, 0.00, 0.00, 14.00, 3.95, 50.47, 0.82, -32.86, -0.01, 0.10, 0.01, 33.14, -24.67, -17.75, 0.01, -0.00, -0.00, 32.97, -24.28, -16.55, 0.01, -0.00, -0.00
-91.00, 0.00, 0.00, 0.00, 0.00, 0.00, 14.38, 3.95, 49.55, 2.27, -33.03, 0.01, 0.10, 0.01, 32.20, -23.24, -18.00, -0.01, -0.00, -0.00, 32.92, -23.90, -16.68, -0.01, -0.00, -0.00
-90.00, 0.00, 0.00, 0.00, 0.00, 0.00, 14.25, 3.95, 49.84, 2.29, -33.19, 0.01, 0.10, 0.01, 32.43, -23.19, -18.13, -0.01, -0.00, 0.00, 32.88, -23.62, -16.80, -0.01, -0.00, 0.00
-89.00, 0.00, 0.00, 0.00, 0.00, 0.00, 14.13, 3.95, 50.29, 2.48, -33.16, -0.00, 0.10, 0.01, 32.82, -22.98, -18.08, 0.00, -0.00, -0.00, 32.87, -23.37, -16.89, 0.00, -0.00, -0.00
-88.00, 0.00, 0.00, 0.00, 0.00, 0.00, 14.50, 3.95, 50.37, 2.75, -34.07, 0.01, 0.10, 0.01, 32.87, -22.74, -19.06, -0.01, -0.00, -0.00, 32.85, -23.11, -17.03, -0.01, -0.00, -0.00
-87.00, 0.00, 0.00, 0.00, 0.00, 0.00, 14.38, 3.95, 51.14, 2.05, -33.79, 0.01, 0.10, 0.01, 33.58, -23.42, -18.76, -0.01, -0.00, -0.00, 32.87, -23.18, -17.10, -0.01, -0.00, -0.00
-86.00, 0.00, 0.00, 0.00, 0.00, 0.00, 14.50, 3.95, 51.40, 1.46, -32.48, -0.01, 0.10, 0.01, 33.80, -24.01, -17.47, 0.00, -0.01, -0.00, 32.91, -23.45, -17.07, 0.01, -0.01, -0.00
-85.00, 0.00, 0.00, 0.00, 0.00, 0.00, 14.13, 3.95, 51.81, 1.39, -33.12, -0.00, 0.10, 0.01, 34.13, -24.04, -18.03, 0.00, -0.00, -0.00, 32.97, -23.63, -17.07, 0.00, -0.00, -0.00
-84.00, 0.00, 0.00, 0.00, 0.00, 0.00, 14.38, 3.95, 51.08, -0.51, -32.75, 0.01, 0.11, 0.01, 33.37, -25.95, -17.72, -0.01, 0.00, 0.00, 32.93, -24.43, -17.02, -0.01, 0.00, 0.00
-83.00, 0.00, 0.00, 0.00, 0.00, 0.00, 14.50, 3.95, 50.66, -0.41, -33.02, -0.01, 0.10, 0.01, 32.90, -25.85, -18.01, 0.01, -0.01, -0.00, 32.87, -24.91, -17.03, 0.01, -0.01, -0.00
-82.00, 0.00, 0.00, 0.00, 0.00, 0.00, 14.13, 3.95, 50.37, -0.38, -31.98, 0.01, 0.11, 0.01, 32.53, -25.78, -16.89, -0.01, 0.00, 0.00, 32.83, -25.22, -17.00, -0.01, 0.00, 0.00
-81.00, 0.00, 0.00, 0.00, 0.00, 0.00, 14.25, 3.95, 50.35, 0.82, -33.51, -0.00, 0.10, 0.01, 32.47, -24.59, -18.45, 0.00, -0.00, -0.00, 32.80, -24.97, -17.12, 0.00, -0.00, -0.00
-80.00, 0.00, 0.00, 0.00, 0.00, 0.00, 14.00, 3.95, 50.10, 1.20, -33.37, 0.01, 0.10, 0.01, 32.18, -24.21, -18.33, -0.01, -0.01, 0.00, 32.75, -24.68, -17.23, -0.01, -0.01, 0.00
-79.00, 0.00, 0.00, 0.00, 0.00, 0.00, 14.38, 3.95, 50.26, 1.49, -33.09, -0.00, 0.11, 0.01, 32.29, -23.90, -18.05, 0.00, 0.00, -0.00, 32.72, -24.40, -17.32, 0.00, 0.00, -0.00
-78.00, 0.00, 0.00, 0.00, 0.00, 0.00, 14.00, 3.95, 50.58, 1.91, -33.63, -0.00, 0.10, 0.01, 32.53, -23.44, -18.51, 0.00, 0.00, -0.00, 32.72, -24.04, -17.42, 0.00, 0.00, -0.00
-77.00, 0.00, 0.00, 0.00, 0.00, 0.00, 14.13, 3.95, 50.94, 2.08, -33.48, 0.00, 0.10, 0.01, 32.84, -23.28, -18.39, -0.00, -0.00, -0.00, 32.73, -23.75, -17.49, -0.00, -0.00, -0.00
-76.00, 0.00, 0.00, 0.00, 0.00, 0.00, 13.75, 3.95, 51.87, 2.08, -33.75, 0.00, 0.10, 0.01, 33.70, -23.25, -18.57, -0.00, -0.00, -0.00, 32.79, -23.55, -17.54, -0.00, -0.00, -0.00
-75.00, 0.00, 0.00, 0.00, 0.00, 0.00, 14.38, 3.95, 51.53, 1.64, -33.95, -0.00, 0.10, 0.01, 33.35, -23.72, -18.91, 0.00, -0.00, -0.00, 32.80, -23.57, -17.59, 0.00, -0.00, -0.00
-74.00, 0.00, 0.00, 0.00, 0.00, 0.00, 14.25, 3.96, 52.00, 0.70, -33.21, 0.00, 0.10, 0.01, 33.76, -24.64, -18.13, -0.00, -0.01, -0.00, 32.84, -23.93, -17.56, 0.00, -0.01, -0.00
-73.00, 0.00, 0.00, 0.00, 0.00, 0.00, 14.38, 3.95, 52.13, 0.51, -33.54, -0.00, 0.10, 0.01, 33.84, -24.83, -18.49, 0.00, -0.00, 0.00, 32.87, -24.22, -17.56, 0.00, -0.00, 0.00
-72.00, 0.00, 0.00, 0.00, 0.00, 0.00, 14.00, 3.95, 51.81, -0.63, -33.29, -0.00, 0.10, 0.01, 33.44, -25.93, -18.17, 0.00, -0.00, -0.00, 32.86, -24.81, -17.52, 0.00, -0.00, -0.00
-71.00, 0.00, 0.00, 0.00, 0.00, 0.00, 14.50, 3.95, 51.59, -0.34, -33.66, 0.01, 0.10, 0.01, 33.21, -25.67, -18.63, -0.01, -0.00, -0.00, 32.85, -25.08, -17.54, -0.01, -0.00, -0.00
-70.00, 0.00, 0.00, 0.00, 0.00, 0.00, 14.25, 3.96, 50.67, -0.20, -33.51, -0.00, 0.10, 0.01, 32.22, -25.51, -18.43, 0.00, -0.01, -0.00, 32.78, -25.22, -17.60, 0.00, -0.01, -0.00
-69.00, 0.00, 0.00, 0.00, 0.00, 0.00, 14.25, 3.96, 50.56, 0.77, -33.94, 0.00, 0.10, 0.01, 32.05, -24.52, -18.85, -0.00, -0.01, -0.00, 32.72, -24.95, -17.72, -0.00, -0.01, -0.00
-68.00, 0.00, 0.00, 0.00, 0.00, 0.00, 13.63, 3.96, 50.98, 0.64, -34.26, -0.00, 0.10, 0.01, 32.38, -24.60, -19.05, 0.00, -0.00, -0.00, 32.68, -24.80, -17.82, 0.00, -0.00, -0.00
-67.00, 0.00, 0.00, 0.00, 0.00, 0.00, 14.25, 3.95, 50.70, 0.51, -34.83, -0.01, 0.10, 0.01, 32.09, -24.77, -19.74, 0.01, -0.00, -0.00, 32.61, -24.75, -17.95, 0.01, -0.00, -0.00
-66.00, 0.00, 0.00, 0.00, 0.00, 0.00, 14.13, 3.96, 50.75, 0.67, -35.05, -0.01, 0.10, 0.01, 32.08, -24.59, -19.93, 0.01, -0.00, -0.00, 32.54, -24.66, -18.08, 0.01, -0.00, -0.00
-65.00, 0.00, 0.00, 0.00, 0.00, 0.00, 14.13, 3.96, 51.46, 1.21, -35.19, 0.01, 0.10, 0.01, 32.74, -24.04, -20.08, -0.01, -0.01, -0.00, 32.54, -24.40, -18.21, -0.01, -0.01, -0.00
-64.00, 0.00, 0.00, 0.00, 0.00, 0.00, 14.25, 3.96, 51.59, 0.58, -35.53, 0.00, 0.10, 0.01, 32.83, -24.67, -20.44, -0.00, -0.00, -0.00, 32.52, -24.44, -18.32, -0.00, -0.00, -0.00
-63.00, 0.00, 0.00, 0.00, 0.00, 0.00, 14.00, 3.96, 52.57, 0.53, -34.45, 0.01, 0.10, 0.01, 33.74, -24.70, -19.30, -0.01, -0.00, -0.00, 32.59, -24.50, -18.33, -0.01, 0.00, -0.00
-62.00, 0.00, 0.00, 0.00, 0.00, 0.00, 14.25, 3.96, 51.59, -0.39, -34.14, 0.00, 0.10, 0.01, 32.72, -25.63, -19.04, -0.00, -0.00, 0.00, 32.56, -24.88, -18.33, -0.00, -0.00, 0.00
-61.00, 0.00, 0.00, 0.00, 0.00, 0.00, 13.88, 3.96, 51.75, 0.12, -34.13, 0.01, 0.10, 0.01, 32.82, -25.10, -19.00, -0.01, -0.00, -0.00, 32.56, -24.94, -18.36, -0.01, -0.00, -0.00
-60.00, 0.00, 0.00, 0.00, 0.00, 0.00, 14.38, 3.96, 51.11, -1.13, -34.95, -0.01, 0.11, 0.01, 32.13, -26.33, -19.81, 0.01, 0.00, -0.00, 32.47, -25.40, -18.41, 0.01, 0.00, -0.00
-59.00, 0.00, 0.00, 0.00, 0.00, 0.00, 14.38, 3.96, 51.45, -1.39, -34.79, 0.00, 0.10, 0.01, 32.43, -26.61, -19.70, -0.00, -0.00, -0.00, 32.42, -25.80, -18.44, -0.00, -0.00, 0.00
-58.00, 0.00, 0.00, 0.00, 0.00, 0.00, 14.13, 3.96, 51.08, 0.00, -34.87, -0.00, 0.10, 0.01, 31.99, -25.19, -19.74, 0.00, -0.00, 0.00, 32.38, -25.56, -18.55, 0.00, -0.00, 0.00
-57.00, 0.00, 0.00, 0.00, 0.00, 0.00, 14.25, 3.96, 51.24, 0.44, -35.21, 0.01, 0.10, 0.01, 32.11, -24.75, -20.09, -0.01, -0.01, 0.00, 32.35, -25.24, -18.68, -0.01, -0.01, 0.00
-56.00, 0.00, 0.00, 0.00, 0.00, 0.00, 14.00, 3.96, 51.33, 0.25, -35.08, -0.00, 0.10, 0.01, 32.13, -24.92, -19.91, 0.00, -0.01, -0.00, 32.32, -25.10, -18.77, 0.00, -0.01, -0.00
-55.00, 0.00, 0.00, 0.00, 0.00, 0.00, 14.00, 3.96, 52.85, 0.79, -34.87, 0.01, 0.10, 0.01, 33.60, -24.37, -19.70, -0.01, -0.00, 0.00, 32.42, -24.81, -18.81, -0.01, -0.00, 0.00
-54.00, 0.00, 0.00, 0.00, 0.00, 0.00, 14.13, 3.96, 52.21, 0.13, -34.61, -0.00, 0.10, 0.01, 32.91, -25.03, -19.46, 0.00, -0.00, -0.00, 32.44, -24.87, -18.83, 0.00, -0.00, -0.00
-53.00, 0.00, 0.00, 0.00, 0.00, 0.00, 13.75, 3.96, 51.97, -1.01, -34.11, 0.01, 0.10, 0.01, 32.60, -26.13, -18.88, -0.01, -0.00, -0.00, 32.42, -25.31, -18.78, -0.01, -0.00, -0.00
-52.00, 0.00, 0.00, 0.00, 0.00, 0.00, 14.38, 3.96, 52.15, -0.56, -34.54, 0.01, 0.10, 0.01, 32.76, -25.71, -19.43, -0.01, -0.01, -0.00, 32.42, -25.43, -18.80, -0.01, -0.01, -0.00
-51.00, 0.00, 0.00, 0.00, 0.00, 0.00, 14.00, 3.96, 51.84, -0.48, -34.86, 0.00, 0.10, 0.01, 32.38, -25.60, -19.67, -0.00, -0.01, -0.00, 32.40, -25.47, -18.85, -0.00, -0.01, -0.00
-50.00, 0.00, 0.00, 0.00, 0.00, 0.00, 14.50, 3.96, 51.84, -0.67, -35.78, -0.01, 0.10, 0.01, 32.36, -25.82, -20.69, 0.01, -0.00, 0.00, 32.36, -25.56, -18.95, 0.01, -0.00, 0.00
-49.00, 0.00, 0.00, 0.00, 0.00, 0.00, 14.13, 3.96, 51.49, 0.16, -35.74, 0.01, 0.10, 0.01, 31.93, -24.95, -20.57, -0.01, -0.00, -0.00, 32.31, -25.31, -19.08, -0.01, -0.00, -0.00
-48.00, 0.00, 0.00, 0.00, 0.00, 0.00, 14.13, 3.96, 52.13, 0.31, -35.98, -0.00, 0.10, 0.01, 32.52, -24.80, -20.81, 0.00, -0.00, -0.00, 32.31, -25.09, -19.19, 0.00, -0.00, -0.00
-47.00, 0.00, 0.00, 0.00, 0.00, 0.00, 14.00, 3.96, 52.56, 0.75, -36.10, -0.00, 0.10, 0.01, 32.88, -24.34, -20.90, 0.00, -0.00, -0.00, 32.34, -24.78, -19.30, 0.00, -0.00, -0.00
-46.00, 0.00, 0.00, 0.00, 0.00, 0.00, 14.00, 3.96, 52.92, -0.15, -34.23, -0.00, 0.10, 0.01, 33.20, -25.23, -19.02, 0.00, -0.01, -0.00, 32.40, -24.94, -19.24, 0.00, -0.01, -0.00
-45.00, 0.00, 0.00, 0.00, 0.00, 0.00, 14.25, 3.96, 52.41, -1.24, -35.62, 0.00, 0.10, 0.01, 32.65, -26.33, -20.46, -0.00, -0.00, -0.00, 32.36, -25.40, -19.26, -0.00, -0.00, -0.00
-44.00, 0.00, 0.00, 0.00, 0.00, 0.00, 14.25, 3.96, 52.16, -1.01, -35.11, -0.00, 0.10, 0.01, 32.34, -26.08, -19.92, 0.00, -0.00, -0.00, 32.33, -25.63, -19.27, 0.00, -0.00, -0.00
-43.00, 0.00, 0.00, 0.00, 0.00, 0.00, 14.38, 3.96, 51.87, -1.64, -35.68, 0.01, 0.10, 0.01, 32.00, -26.70, -20.48, -0.01, -0.01, -0.00, 32.26, -25.98, -19.31, -0.01, -0.01, -0.00
-42.00, 0.00, 0.00, 0.00, 0.00, 0.00, 14.25, 3.96, 52.32, -0.69, -35.18, 0.01, 0.10, 0.01, 32.42, -25.76, -20.03, -0.01, -0.01, -0.00, 32.27, -25.89, -19.36, -0.01, -0.01, -0.00
-41.00, 0.00, 0.00, 0.00, 0.00, 0.00, 14.00, 3.96, 52.19, -0.29, -35.79, 0.00, 0.10, 0.01, 32.21, -25.33, -20.56, -0.00, -0.01, -0.00, 32.25, -25.66, -19.46, -0.00, -0.01, -0.00
-40.00, 0.00, 0.00, 0.00, 0.00, 0.00, 14.38, 3.96, 51.93, -0.47, -35.38, -0.00, 0.10, 0.01, 31.92, -25.53, -20.23, 0.00, -0.00, 0.00, 32.22, -25.60, -19.52, 0.00, -0.00, 0.00
-39.00, 0.00, 0.00, 0.00, 0.00, 0.00, 14.25, 3.96, 52.59, -0.18, -35.65, 0.01, 0.10, 0.01, 32.51, -25.22, -20.46, -0.01, 0.00, 0.00, 32.23, -25.44, -19.58, -0.01, 0.00, 0.00
-38.00, 0.00, 0.00, 0.00, 0.00, 0.00, 14.50, 3.96, 52.67, -0.48, -35.76, 0.01, 0.10, 0.01, 32.57, -25.53, -20.62, -0.01, -0.01, 0.00, 32.24, -25.45, -19.63, -0.01, -0.01, 0.00
-37.00, 0.00, 0.00, 0.00, 0.00, 0.00, 14.13, 3.96, 53.24, -1.43, -35.41, 0.00, 0.10, 0.01, 33.06, -26.45, -20.19, -0.00, -0.00, -0.00, 32.27, -25.78, -19.61, -0.00, -0.00, -0.00
-36.00, 0.00, 0.00, 0.00, 0.00, 0.00, 14.25, 3.96, 52.86, -1.15, -36.64, 0.01, 0.10, 0.01, 32.63, -26.17, -21.44, -0.01, -0.00, 0.00, 32.25, -25.87, -19.69, -0.01, -0.00, 0.00
-35.00, 0.00, 0.00, 0.00, 0.00, 0.00, 14.13, 3.96, 52.60, -2.27, -35.33, -0.00, 0.10, 0.01, 32.31, -27.26, -20.09, 0.00, -0.00, -0.00, 32.21, -26.36, -19.66, 0.00, -0.00, -0.00
-34.00, 0.00, 0.00, 0.00, 0.00, 0.00, 14.25, 3.96, 52.24, -1.40, -36.10, 0.01, 0.11, 0.01, 31.90, -26.40, -20.89, -0.01, 0.00, 0.00, 32.17, -26.35, -19.74, -0.01, 0.00, 0.00
-33.00, 0.00, 0.00, 0.00, 0.00, 0.00, 14.38, 3.96, 52.44, -1.68, -36.28, -0.00, 0.10, 0.01, 32.06, -26.68, -21.08, 0.00, -0.01, -0.00, 32.13, -26.43, -19.82, 0.00, -0.01, -0.00
-32.00, 0.00, 0.00, 0.00, 0.00, 0.00, 14.25, 3.96, 52.76, -1.21, -36.55, -0.00, 0.10, 0.01, 32.32, -26.20, -21.33, 0.00, -0.00, 0.00, 32.12, -26.31, -19.91, 0.00, -0.00, 0.00
-31.00, 0.00, 0.00, 0.00, 0.00, 0.00, 14.25, 3.96, 52.27, -1.13, -36.58, -0.00, 0.10, 0.01, 31.77, -26.10, -21.36, 0.00, -0.00, -0.00, 32.08, -26.21, -20.02, 0.00, -0.00, -0.00
-30.00, 0.00, 0.00, 0.00, 0.00, 0.00, 14.00, 3.96, 52.59, -0.82, -35.94, -0.00, 0.10, 0.01, 32.03, -25.77, -20.65, 0.00, -0.00, 0.00, 32.07, -26.04, -20.07, 0.00, -0.00, 0.00
-29.00, 0.00, 0.00, 0.00, 0.00, 0.00, 14.38, 3.96, 53.05, -0.67, -36.31, 0.01, 0.10, 0.01, 32.47, -25.64, -21.09, -0.01, -0.00, -0.00, 32.10, -25.87, -20.14, -0.01, -0.00, -0.00
-28.00, 0.00, 0.00, 0.00, 0.00, 0.00, 14.25, 3.96, 53.33, -1.02, -35.27, 0.01, 0.10, 0.01, 32.68, -25.98, -20.02, -0.01, -0.01, -0.00, 32.14, -25.90, -20.11, -0.01, -0.01, -0.00
-27.00, 0.00, 0.00, 0.00, 0.00, 0.00, 14.25, 3.96, 52.66, -1.48, -36.17, 0.00, 0.10, 0.01, 31.96, -26.42, -20.92, -0.00, 0.00, 0.00, 32.10, -26.07, -20.15, -0.00, 0.00, 0.00
-26.00, 0.00, 0.00, 0.00, 0.00, 0.00, 14.13, 3.96, 52.97, -1.86, -36.36, 0.01, 0.10, 0.01, 32.22, -26.80, -21.13, -0.01, -0.01, -0.00, 32.07, -26.31, -20.17, -0.01, -0.01, -0.00
-25.00, 0.00, 0.00, 0.00, 0.00, 0.00, 14.13, 3.96, 52.66, -2.66, -36.19, 0.00, 0.10, 0.01, 31.84, -27.57, -20.87, -0.00, -0.01, -0.00, 32.01, -26.74, -20.18, -0.00, -0.01, -0.00
-24.00, 0.00, 0.00, 0.00, 0.00, 0.00, 13.88, 3.96, 52.86, -2.24, -37.01, 0.01, 0.10, 0.01, 31.98, -27.13, -21.66, -0.01, -0.00, -0.00, 31.97, -26.84, -20.26, -0.01, -0.00, -0.00
-23.00, 0.00, 0.00, 0.00, 0.00, 0.00, 14.13, 3.96, 52.91, -1.53, -36.06, 0.00, 0.10, 0.01, 31.99, -26.44, -20.76, -0.00, -0.01, 0.00, 31.97, -26.69, -20.30, -0.00, -0.01, 0.00
-22.00, 0.00, 0.00, 0.00, 0.00, 0.00, 14.50, 3.96, 52.67, -1.91, -36.48, -0.00, 0.11, 0.01, 31.73, -26.84, -21.25, 0.00, 0.00, -0.00, 31.93, -26.72, -20.37, 0.00, 0.00, -0.00
-21.00, 0.00, 0.00, 0.00, 0.00, 0.00, 13.75, 3.96, 52.37, -1.74, -36.36, 0.01, 0.10, 0.01, 31.32, -26.60, -20.97, -0.01, -0.00, -0.00, 31.88, -26.67, -20.43, -0.01, -0.00, -0.00
-20.00, 0.00, 0.00, 0.00, 0.00, 0.00, 14.13, 3.96, 52.76, -1.72, -36.19, 0.01, 0.10, 0.01, 31.69, -26.61, -20.87, -0.01, -0.00, -0.00, 31.86, -26.64, -20.47, -0.01, -0.00, -0.00
-19.00, 0.00, 0.00, 0.00, 0.00, 0.00, 14.38, 3.96, 53.54, -1.55, -38.10, 0.00, 0.11, 0.01, 32.42, -26.44, -22.83, -0.00, 0.00, -0.00, 31.87, -26.50, -20.60, -0.00, 0.00, -0.00
-18.00, 0.00, 0.00, 0.00, 0.00, 0.00, 14.38, 3.96, 53.14, -1.67, -37.01, 0.00, 0.10, 0.01, 31.98, -26.55, -21.73, -0.00, 0.00, -0.00, 31.85, -26.49, -20.66, -0.00, 0.00, -0.00
-17.00, 0.00, 0.00, 0.00, 0.00, 0.00, 14.00, 3.96, 53.76, -1.75, -36.96, -0.01, 0.10, 0.01, 32.51, -26.60, -21.60, 0.01, -0.00, -0.00, 31.89, -26.50, -20.70, 0.01, -0.00, -0.00
-16.00, 0.00, 0.00, 0.00, 0.00, 0.00, 14.38, 3.96, 53.43, -2.27, -37.55, -0.00, 0.10, 0.01, 32.17, -27.13, -22.25, 0.00, -0.00, -0.00, 31.87, -26.69, -20.75, 0.00, -0.00, -0.00
-15.00, 0.00, 0.00, 0.00, 0.00, 0.00, 14.25, 3.96, 53.20, -2.38, -37.11, 0.00, 0.10, 0.01, 31.87, -27.23, -21.78, -0.00, -0.01, -0.00, 31.84, -26.86, -20.79, -0.00, -0.01, -0.00
-14.00, 0.00, 0.00, 0.00, 0.00, 0.00, 14.25, 3.96, 53.42, -2.72, -36.61, -0.01, 0.10, 0.01, 32.04, -27.56, -21.28, 0.01, -0.00, -0.00, 31.83, -27.09, -20.79, 0.01, -0.00, -0.00
-13.00, 0.00, 0.00, 0.00, 0.00, 0.00, 14.13, 3.96, 53.35, -2.43, -37.23, 0.01, 0.10, 0.01, 31.90, -27.25, -21.86, -0.01, 0.00, -0.00, 31.81, -27.13, -20.85, -0.01, 0.00, -0.00
-12.00, 0.00, 0.00, 0.00, 0.00, 0.00, 14.13, 3.96, 52.78, -2.32, -36.99, 0.02, 0.10, 0.01, 31.28, -27.14, -21.62, -0.02, -0.01, -0.00, 31.75, -27.12, -20.91, -0.02, -0.01, -0.00
-11.00, 0.00, 0.00, 0.00, 0.00, 0.00, 14.25, 3.96, 53.41, -2.19, -36.76, 0.01, 0.10, 0.01, 31.87, -27.01, -21.40, -0.01, -0.01, -0.00, 31.76, -27.07, -20.95, -0.01, -0.01, -0.00
-10.00, 0.00, 0.00, 0.00, 0.00, 0.00, 14.50, 3.96, 53.41, -2.44, -38.44, 0.01, 0.10, 0.01, 31.83, -27.27, -23.13, -0.01, -0.00, -0.00, 31.72, -27.08, -21.07, -0.01, -0.00, -0.00
-9.00, 0.00, 0.00, 0.00, 0.00, 0.00, 14.13, 3.96, 53.77, -2.09, -37.33, 0.00, 0.10, 0.01, 32.12, -26.89, -21.93, -0.00, -0.00, -0.00, 31.74, -26.99, -21.13, -0.00, -0.00, -0.00
-8.00, 0.00, 0.00, 0.00, 0.00, 0.00, 14.38, 3.96, 53.79, -2.09, -36.86, 0.01, 0.10, 0.01, 32.07, -26.87, -21.43, -0.01, -0.00, 0.00, 31.76, -26.94, -21.14, -0.01, -0.00, 0.00
-7.00, 0.00, 0.00, 0.00, 0.00, 0.00, 13.88, 3.96, 53.80, -2.86, -37.85, 0.00, 0.10, 0.01, 32.05, -27.66, -22.47, -0.00, -0.01, -0.00, 31.74, -27.16, -21.18, -0.00, -0.01, -0.00
-6.00, 0.00, 0.00, 0.00, 0.00, 0.00, 14.00, 3.96, 54.19, -2.35, -37.59, 0.00, 0.10, 0.01, 32.38, -27.12, -22.15, -0.00, -0.01, -0.00, 31.78, -27.11, -21.23, -0.00, -0.01, -0.00
-5.00, 0.00, 0.00, 0.00, 0.00, 0.00, 13.88, 3.96, 54.27, -2.98, -37.15, -0.01, 0.10, 0.01, 32.39, -27.73, -21.68, 0.01, -0.01, -0.00, 31.80, -27.32, -21.21, 0.01, -0.00, -0.00
-4.00, 0.00, 0.00, 0.00, 0.00, 0.00, 14.00, 3.96, 54.05, -3.00, -36.74, -0.01, 0.10, 0.01, 32.13, -27.75, -21.29, 0.01, -0.00, 0.00, 31.82, -27.47, -21.18, 0.01, -0.00, 0.00
-3.00, 0.00, 0.00, 0.00, 0.00, 0.00, 14.13, 3.96, 54.46, -3.29, -37.36, -0.01, 0.10, 0.01, 32.49, -28.04, -21.92, 0.01, -0.00, -0.00, 31.84, -27.65, -21.18, 0.01, -0.00, -0.00
-2.00, 0.00, 0.00, 0.00, 0.00, 0.00, 14.13, 3.96, 54.28, -3.33, -37.05, 0.00, 0.10, 0.01, 32.27, -28.08, -21.60, -0.00, -0.00, -0.00, 31.86, -27.79, -21.17, -0.00, -0.00, -0.00
-1.00, 0.00, 0.00, 0.00, 0.00, 0.00, 14.13, 3.96, 53.99, -3.17, -36.66, 0.01, 0.10, 0.01, 31.92, -27.91, -21.20, -0.01, -0.01, -0.00, 31.86, -27.83, -21.17, -0.01, -0.01, -0.00
0.00, 0.00, 0.00, 0.00, 0.00, 0.00, 14.13, 3.96, 53.77, -2.95, -37.65, 0.01, 0.10, 0.01, 31.65, -27.68, -22.19, -0.01, -0.00, -0.00, 31.83, -27.75, -21.25, -0.01, -0.00, -0.00
1.00, 0.00, 0.00, 0.00, 0.00, 0.00, 14.38, 3.96, 53.98, -3.17, -37.43, -0.00, 0.10, 0.01, 31.82, -27.91, -22.01, 0.00, -0.00, -0.00, 31.81, -27.79, -21.30, 0.00, -0.00, -0.00
2.00, 0.00, 0.00, 0.00, 0.00, 0.00, 14.38, 3.96, 54.53, -2.91, -36.98, -0.01, 0.10, 0.01, 32.32, -27.64, -21.55, 0.01, 0.00, -0.00, 31.85, -27.73, -21.30, 0.01, 0.00, 0.00
3.00, 0.00, 0.00, 0.00, 0.00, 0.00, 14.38, 3.96, 54.57, -3.51, -36.48, 0.01, 0.10, 0.01, 32.31, -28.24, -21.04, -0.01, -0.00, 0.00, 31.88, -27.91, -21.25, -0.01, -0.00, 0.00
4.00, 0.00, 0.00, 0.00, 0.00, 0.00, 14.50, 3.96, 54.27, -3.52, -37.59, 0.00, 0.10, 0.01, 31.96, -28.25, -22.17, -0.00, -0.00, -0.00, 31.86, -28.01, -21.29, -0.00, -0.00, -0.00
5.00, 0.00, 0.00, 0.00, 0.00, 0.00, 14.25, 3.96, 53.41, -3.41, -37.08, 0.00, 0.10, 0.01, 31.03, -28.11, -21.60, -0.00, -0.00, -0.00, 31.78, -28.04, -21.33, -0.00, -0.00, -0.00
6.00, 0.00, 0.00, 0.00, 0.00, 0.00, 13.88, 3.96, 54.00, -3.81, -36.74, 0.01, 0.10, 0.01, 31.55, -28.49, -21.18, -0.01, -0.00, -0.00, 31.76, -28.21, -21.32, -0.01, -0.00, -0.00
7.00, 0.00, 0.00, 0.00, 0.00, 0.00, 14.63, 3.96, 54.12, -3.83, -37.08, 0.00, 0.10, 0.01, 31.67, -28.55, -21.66, -0.00, -0.01, -0.00, 31.73, -28.32, -21.33, -0.00, -0.01, -0.00
8.00, 0.00, 0.00, 0.00, 0.00, 0.00, 14.13, 3.96, 54.09, -3.45, -37.66, 0.01, 0.10, 0.01, 31.55, -28.12, -22.13, -0.01, -0.00, 0.00, 31.71, -28.23, -21.40, -0.01, -0.00, 0.00
9.00, 0.00, 0.00, 0.00, 0.00, 0.00, 14.25, 3.96, 53.81, -3.33, -37.66, -0.00, 0.10, 0.01, 31.23, -28.01, -22.15, 0.00, -0.01, -0.00, 31.66, -28.14, -21.47, 0.00, -0.01, -0.00
10.00, 0.00, 0.00, 0.00, 0.00, 0.00, 14.38, 3.96, 54.40, -3.54, -38.38, 0.00, 0.10, 0.01, 31.77, -28.22, -22.88, -0.00, -0.00, -0.00, 31.64, -28.13, -21.56, -0.00, -0.00, -0.00
11.00, 0.00, 0.00, 0.00, 0.00, 0.00, 14.13, 3.96, 54.14, -3.99, -37.75, 0.00, 0.10, 0.01, 31.44, -28.64, -22.19, -0.00, -0.00, -0.00, 31.60, -28.30, -21.58, -0.00, -0.00, -0.00
12.00, 0.00, 0.00, 0.00, 0.00, 0.00, 14.13, 3.96, 54.55, -3.61, -38.19, 0.01, 0.10, 0.01, 31.80, -28.26, -22.62, -0.01, -0.01, -0.00, 31.60, -28.25, -21.65, -0.01, -0.01, -0.00
13.00, 0.00, 0.00, 0.00, 0.00, 0.00, 14.50, 3.96, 54.47, -3.92, -37.40, 0.00, 0.10, 0.01, 31.70, -28.58, -21.90, -0.00, -0.00, -0.00, 31.59, -28.36, -21.65, -0.00, -0.00, -0.00
14.00, 0.00, 0.00, 0.00, 0.00, 0.00, 14.00, 3.96, 54.40, -3.84, -36.93, -0.00, 0.10, 0.01, 31.54, -28.47, -21.32, 0.00, -0.00, -0.00, 31.59, -28.41, -21.62, 0.00, -0.00, -0.00
15.00, 0.00, 0.00, 0.00, 0.00, 0.00, 14.00, 3.96, 54.28, -4.09, -37.77, -0.00, 0.10, 0.01, 31.37, -28.71, -22.15, 0.00, -0.00, 0.00, 31.56, -28.51, -21.65, 0.00, -0.00, 0.00
16.00, 0.00, 0.00, 0.00, 0.00, 0.00, 14.25, 3.96, 54.08, -3.87, -37.78, 0.01, 0.10, 0.01, 31.13, -28.50, -22.20, -0.01, -0.00, -0.00, 31.51, -28.50, -21.70, -0.01, -0.00, -0.00
17.00, 0.00, 0.00, 0.00, 0.00, 0.00, 14.25, 3.96, 54.18, -3.93, -36.98, -0.00, 0.10, 0.01, 31.18, -28.55, -21.39, 0.00, -0.01, -0.00, 31.49, -28.53, -21.69, 0.00, -0.01, -0.00
18.00, 0.00, 0.00, 0.00, 0.00, 0.00, 14.38, 3.96, 53.92, -3.95, -38.02, 0.00, 0.10, 0.01, 30.87, -28.57, -22.44, -0.00, 0.00, -0.00, 31.42, -28.53, -21.76, -0.00, 0.00, -0.00
19.00, 0.00, 0.00, 0.00, 0.00, 0.00, 14.13, 3.96, 54.05, -3.98, -38.57, -0.01, 0.10, 0.01, 30.94, -28.58, -22.94, 0.01, -0.00, -0.00, 31.36, -28.52, -21.85, 0.01, -0.00, -0.00
20.00, 0.00, 0.00, 0.00, 0.00, 0.00, 14.38, 3.96, 54.49, -3.95, -38.79, 0.01, 0.11, 0.01, 31.34, -28.56, -23.20, -0.01, 0.00, -0.00, 31.33, -28.50, -21.93, -0.01, 0.00, -0.00
21.00, 0.00, 0.00, 0.00, 0.00, 0.00, 14.25, 3.96, 55.07, -3.80, -38.76, 0.01, 0.11, 0.01, 31.86, -28.40, -23.13, -0.01, 0.00, -0.00, 31.36, -28.42, -22.00, -0.01, 0.00, -0.00
22.00, 0.00, 0.00, 0.00, 0.00, 0.00, 14.13, 3.96, 55.31, -4.40, -38.79, -0.01, 0.11, 0.01, 32.04, -28.98, -23.13, 0.01, 0.00, -0.00, 31.38, -28.59, -22.03, 0.01, 0.00, -0.00
23.00, 0.00, 0.00, 0.00, 0.00, 0.00, 14.25, 3.96, 55.01, -3.83, -38.10, 0.01, 0.10, 0.01, 31.70, -28.41, -22.46, -0.01, -0.00, -0.00, 31.41, -28.51, -22.05, -0.01, -0.00, -0.00
24.00, 0.00, 0.00, 0.00, 0.00, 0.00, 14.13, 3.96, 55.06, -4.08, -39.37, 0.01, 0.10, 0.01, 31.69, -28.64, -23.69, -0.01, -0.00, -0.00, 31.40, -28.51, -22.14, -0.01, -0.00, -0.00
25.00, 0.00, 0.00, 0.00, 0.00, 0.00, 14.25, 3.96, 55.09, -4.36, -38.86, -0.01, 0.11, 0.01, 31.67, -28.92, -23.20, 0.01, 0.00, -0.00, 31.39, -28.63, -22.19, 0.01, 0.00, -0.00
26.00, 0.00, 0.00, 0.00, 0.00, 0.00, 14.25, 3.96, 55.55, -4.66, -39.08, -0.00, 0.10, 0.01, 32.09, -29.22, -23.41, 0.00, -0.00, -0.00, 31.41, -28.80, -22.21, 0.00, -0.00, -0.00
27.00, 0.00, 0.00, 0.00, 0.00, 0.00, 14.13, 3.96, 55.52, -4.94, -38.88, 0.01, 0.10, 0.01, 32.00, -29.49, -23.17, -0.01, -0.00, -0.00, 31.43, -29.02, -22.22, -0.01, -0.00, -0.00
28.00, 0.00, 0.00, 0.00, 0.00, 0.00, 14.13, 3.96, 54.82, -4.60, -39.39, -0.01, 0.11, 0.01, 31.24, -29.14, -23.67, 0.01, 0.00, -0.00, 31.38, -29.03, -22.32, 0.01, 0.00, -0.00
29.00, 0.00, 0.00, 0.00, 0.00, 0.00, 14.63, 3.96, 54.66, -4.55, -39.45, 0.00, 0.10, 0.01, 31.04, -29.09, -23.74, -0.00, -0.00, -0.00, 31.32, -29.02, -22.41, -0.00, -0.00, -0.00
30.00, 0.00, 0.00, 0.00, 0.00, 0.00, 14.38, 3.96, 55.98, -4.03, -39.13, -0.00, 0.10, 0.01, 32.31, -28.58, -23.43, 0.00, -0.00, -0.00, 31.40, -28.82, -22.47, 0.01, -0.00, -0.00
31.00, 0.00, 0.00, 0.00, 0.00, 0.00, 14.25, 3.96, 55.32, -4.66, -39.01, 0.01, 0.11, 0.01, 31.59, -29.18, -23.25, -0.01, 0.00, 0.00, 31.39, -28.93, -22.49, -0.01, 0.00, 0.00
32.00, 0.00, 0.00, 0.00, 0.00, 0.00, 14.25, 3.96, 55.36, -4.59, -39.27, 0.01, 0.10, 0.01, 31.59, -29.11, -23.53, -0.01, -0.01, -0.00, 31.38, -28.97, -22.55, -0.01, -0.01, -0.00
33.00, 0.00, 0.00, 0.00, 0.00, 0.00, 14.25, 3.96, 55.58, -5.00, -38.38, -0.00, 0.10, 0.01, 31.75, -29.52, -22.63, 0.00, 0.00, -0.00, 31.40, -29.16, -22.52, 0.00, 0.00, -0.00
34.00, 0.00, 0.00, 0.00, 0.00, 0.00, 14.38, 3.96, 55.44, -5.17, -38.83, 0.01, 0.10, 0.01, 31.56, -29.69, -23.10, -0.01, -0.01, -0.00, 31.39, -29.33, -22.52, -0.01, -0.01, -0.00
35.00, 0.00, 0.00, 0.00, 0.00, 0.00, 14.50, 3.96, 54.93, -4.98, -38.63, 0.00, 0.10, 0.01, 31.01, -29.51, -22.91, -0.00, -0.00, 0.00, 31.34, -29.39, -22.56, -0.00, -0.00, 0.00
36.00, 0.00, 0.00, 0.00, 0.00, 0.00, 14.25, 3.96, 56.08, -5.19, -39.78, -0.00, 0.11, 0.01, 32.09, -29.69, -24.00, 0.00, 0.00, -0.00, 31.37, -29.45, -22.61, 0.00, 0.00, -0.00
37.00, 0.00, 0.00, 0.00, 0.00, 0.00, 14.13, 3.96, 54.79, -5.60, -39.96, -0.00, 0.10, 0.01, 30.75, -30.08, -24.14, 0.00, -0.00, -0.00, 31.27, -29.64, -22.70, 0.00, -0.00, -0.00
38.00, 0.00, 0.00, 0.00, 0.00, 0.00, 14.25, 3.96, 54.81, -4.53, -39.49, 0.01, 0.10, 0.01, 30.72, -29.02, -23.69, -0.02, 0.00, -0.00, 31.22, -29.40, -22.82, -0.02, 0.00, -0.00
39.00, 0.00, 0.00, 0.00, 0.00, 0.00, 14.25, 3.96, 54.91, -4.68, -39.74, -0.01, 0.10, 0.01, 30.77, -29.16, -23.92, 0.01, -0.01, -0.00, 31.17, -29.28, -22.92, 0.00, -0.01, -0.00
40.00, 0.00, 0.00, 0.00, 0.00, 0.00, 14.38, 3.96, 55.88, -4.12, -40.60, 0.01, 0.10, 0.01, 31.69, -28.60, -24.80, -0.01, -0.00, 0.00, 31.20, -28.98, -23.06, -0.01, -0.00, 0.00
41.00, 0.00, 0.00, 0.00, 0.00, 0.00, 14.25, 3.96, 55.31, -4.18, -40.47, -0.00, 0.11, 0.01, 31.06, -28.65, -24.63, 0.00, 0.00, 0.00, 31.16, -28.82, -23.19, 0.00, 0.00, 0.00
42.00, 0.00, 0.00, 0.00, 0.00, 0.00, 14.13, 3.96, 55.96, -4.50, -39.77, 0.01, 0.10, 0.01, 31.66, -28.95, -23.89, -0.01, 0.00, -0.00, 31.19, -28.84, -23.21, -0.01, 0.00, -0.00
43.00, 0.00, 0.00, 0.00, 0.00, 0.00, 14.13, 3.96, 56.01, -4.75, -39.55, -0.00, 0.10, 0.01, 31.65, -29.20, -23.66, 0.00, -0.00, -0.00, 31.21, -28.95, -23.20, 0.00, -0.00, -0.00
44.00, 0.00, 0.00, 0.00, 0.00, 0.00, 14.25, 3.96, 56.01, -5.01, -39.36, -0.00, 0.10, 0.01, 31.61, -29.46, -23.49, 0.00, -0.00, -0.00, 31.23, -29.12, -23.18, 0.00, -0.00, -0.00
45.00, 0.00, 0.00, 0.00, 0.00, 0.00, 14.13, 3.96, 56.14, -4.69, -39.29, -0.00, 0.10, 0.01, 31.68, -29.13, -23.38, 0.00, -0.00, -0.00, 31.26, -29.12, -23.18, 0.00, -0.00, -0.00
46.00, 0.00, 0.00, 0.00, 0.00, 0.00, 14.50, 3.96, 56.43, -5.16, -38.95, -0.00, 0.11, 0.01, 31.95, -29.62, -23.11, 0.00, 0.00, -0.00, 31.31, -29.29, -23.12, 0.00, 0.00, -0.00
47.00, 0.00, 0.00, 0.00, 0.00, 0.00, 14.00, 3.96, 55.60, -5.82, -39.32, 0.01, 0.10, 0.01, 31.03, -30.23, -23.36, -0.01, -0.00, -0.00, 31.26, -29.62, -23.10, -0.01, -0.00, -0.00
48.00, 0.00, 0.00, 0.00, 0.00, 0.00, 13.88, 3.96, 56.36, -5.58, -40.05, 0.01, 0.10, 0.01, 31.73, -29.98, -24.05, -0.01, -0.00, 0.00, 31.27, -29.72, -23.13, -0.01, -0.00, 0.00
49.00, 0.00, 0.00, 0.00, 0.00, 0.00, 13.88, 3.96, 55.61, -5.55, -39.74, 0.00, 0.10, 0.01, 30.96, -29.97, -23.81, -0.00, -0.00, -0.00, 31.22, -29.79, -23.18, -0.00, -0.00, -0.00
50.00, 0.00, 0.00, 0.00, 0.00, 0.00, 13.88, 3.96, 55.42, -5.50, -40.46, 0.01, 0.10, 0.01, 30.69, -29.88, -24.44, -0.01, -0.00, -0.00, 31.15, -29.80, -23.28, -0.01, -0.00, -0.00
51.00, 0.00, 0.00, 0.00, 0.00, 0.00, 13.88, 3.96, 56.33, -4.47, -40.89, -0.01, 0.10, 0.01, 31.55, -28.85, -24.86, 0.01, -0.00, -0.00, 31.18, -29.41, -23.42, 0.01, -0.00, -0.00
52.00, 0.00, 0.00, 0.00, 0.00, 0.00, 14.13, 3.96, 55.69, -4.52, -40.28, 0.01, 0.11, 0.01, 30.87, -28.91, -24.29, -0.01, 0.00, -0.00, 31.15, -29.21, -23.51, -0.01, 0.00, -0.00
53.00, 0.00, 0.00, 0.00, 0.00, 0.00, 14.13, 3.96, 56.09, -4.56, -40.88, -0.00, 0.10, 0.01, 31.23, -28.95, -24.87, 0.00, -0.00, -0.00, 31.14, -29.07, -23.61, 0.00, -0.00, 0.00
54.00, 0.00, 0.00, 0.00, 0.00, 0.00, 13.88, 3.96, 56.47, -5.45, -41.61, -0.00, 0.10, 0.01, 31.54, -29.82, -25.54, 0.00, -0.00, -0.00, 31.11, -29.29, -23.68, 0.00, -0.00, -0.00
55.00, 0.00, 0.00, 0.00, 0.00, 0.00, 14.25, 3.96, 56.52, -5.54, -40.03, 0.01, 0.10, 0.01, 31.56, -29.92, -24.03, -0.01, -0.00, -0.00, 31.13, -29.50, -23.66, -0.01, -0.00, -0.00
56.00, 0.00, 0.00, 0.00, 0.00, 0.00, 14.38, 3.96, 56.14, -5.74, -39.24, 0.01, 0.11, 0.01, 31.13, -30.13, -23.25, -0.01, 0.00, 0.00, 31.12, -29.74, -23.60, -0.01, 0.00, 0.00
57.00, 0.00, 0.00, 0.00, 0.00, 0.00, 14.25, 3.96, 56.49, -6.01, -39.23, -0.01, 0.10, 0.01, 31.42, -30.38, -23.20, 0.00, 0.00, -0.00, 31.14, -29.97, -23.53, 0.01, 0.00, -0.00
58.00, 0.00, 0.00, 0.00, 0.00, 0.00, 14.25, 3.96, 56.59, -6.43, -39.46, -0.01, 0.11, 0.01, 31.48, -30.80, -23.42, 0.01, 0.00, -0.00, 31.15, -30.27, -23.47, 0.01, 0.00, -0.00
59.00, 0.00, 0.00, 0.00, 0.00, 0.00, 14.25, 3.96, 55.51, -6.47, -40.56, -0.01, 0.10, 0.01, 30.34, -30.84, -24.50, 0.01, -0.00, -0.00, 31.04, -30.45, -23.54, 0.01, -0.00, -0.00
60.00, 0.00, 0.00, 0.00, 0.00, 0.00, 14.25, 3.96, 56.27, -6.18, -40.35, -0.01, 0.10, 0.01, 31.05, -30.54, -24.29, 0.01, -0.00, -0.00, 31.03, -30.46, -23.58, 0.01, -0.00, -0.00
61.00, 0.00, 0.00, 0.00, 0.00, 0.00, 14.25, 3.96, 56.21, -6.04, -40.98, 0.01, 0.10, 0.01, 30.94, -30.39, -24.90, -0.01, -0.00, -0.00, 30.99, -30.40, -23.68, -0.01, -0.00, -0.00
62.00, 0.00, 0.00, 0.00, 0.00, 0.00, 14.25, 3.96, 55.60, -5.69, -41.16, -0.01, 0.10, 0.01, 30.28, -30.03, -25.06, 0.01, -0.00, -0.00, 30.91, -30.23, -23.82, 0.01, -0.00, -0.00
63.00, 0.00, 0.00, 0.00, 0.00, 0.00, 14.13, 3.96, 56.01, -4.40, -41.57, 0.01, 0.10, 0.01, 30.63, -28.73, -25.43, -0.01, -0.00, -0.00, 30.89, -29.65, -24.01, -0.01, -0.00, 0.00
64.00, 0.00, 0.00, 0.00, 0.00, 0.00, 14.13, 3.96, 56.74, -4.82, -41.55, 0.01, 0.10, 0.01, 31.31, -29.15, -25.41, -0.01, -0.00, -0.00, 30.91, -29.42, -24.11, -0.01, -0.00, -0.00
65.00, 0.00, 0.00, 0.00, 0.00, 0.00, 14.25, 3.96, 56.45, -4.90, -41.92, 0.00, 0.10, 0.01, 30.97, -29.23, -25.78, -0.00, 0.00, -0.00, 30.89, -29.30, -24.24, -0.00, 0.00, 0.00
66.00, 0.00, 0.00, 0.00, 0.00, 0.00, 14.25, 3.96, 56.99, -5.45, -40.34, 0.00, 0.10, 0.01, 31.46, -29.78, -24.19, -0.00, -0.01, -0.00, 30.93, -29.47, -24.19, -0.00, -0.01, -0.00
67.00, 0.00, 0.00, 0.00, 0.00, 0.00, 14.13, 3.96, 56.84, -5.93, -40.73, -0.00, 0.10, 0.01, 31.26, -30.25, -24.57, 0.00, -0.00, -0.00, 30.93, -29.74, -24.16, 0.00, -0.00, -0.00
68.00, 0.00, 0.00, 0.00, 0.00, 0.00, 14.25, 3.96, 57.19, -6.26, -40.73, -0.00, 0.10, 0.01, 31.56, -30.57, -24.56, 0.00, -0.00, -0.00, 30.96, -30.02, -24.12, 0.00, -0.00, -0.00
69.00, 0.00, 0.00, 0.00, 0.00, 0.00, 14.00, 3.96, 57.98, -6.34, -40.19, 0.00, 0.11, 0.01, 32.28, -30.63, -23.96, -0.00, 0.01, -0.00, 31.06, -30.23, -24.03, -0.00, 0.01, -0.00
70.00, 0.00, 0.00, 0.00, 0.00, 0.00, 14.25, 3.96, 56.94, -6.80, -41.19, -0.00, 0.09, 0.01, 31.21, -31.10, -24.99, 0.00, -0.01, -0.00, 31.03, -30.51, -24.04, 0.00, -0.01, -0.00
71.00, 0.00, 0.00, 0.00, 0.00, 0.00, 14.00, 3.95, 56.39, -7.22, -41.44, -0.00, 0.11, 0.01, 30.59, -31.50, -25.17, 0.00, 0.00, -0.00, 30.94, -30.84, -24.08, 0.00, 0.00, -0.00
72.00, 0.00, 0.00, 0.00, 0.00, 0.00, 14.00, 3.96, 55.86, -7.07, -41.42, 0.01, 0.10, 0.01, 30.01, -31.35, -25.14, -0.01, -0.00, -0.00, 30.82, -31.00, -24.16, -0.01, -0.00, -0.00
73.00, 0.00, 0.00, 0.00, 0.00, 0.00, 14.50, 3.96, 56.42, -5.95, -42.31, -0.00, 0.10, 0.01, 30.55, -30.25, -26.12, 0.00, -0.00, -0.00, 30.78, -30.67, -24.35, 0.00, -0.00, -0.00
74.00, 0.00, 0.00, 0.00, 0.00, 0.00, 14.13, 3.95, 55.55, -6.14, -42.85, 0.01, 0.10, 0.01, 29.61, -30.41, -26.57, -0.01, -0.01, -0.00, 30.63, -30.52, -24.56, -0.01, -0.01, -0.00
75.00, 0.00, 0.00, 0.00, 0.00, 0.00, 14.00, 3.95, 57.12, -4.50, -41.89, -0.00, 0.10, 0.01, 31.12, -28.76, -25.57, 0.00, -0.00, -0.00, 30.70, -29.85, -24.70, 0.00, -0.00, -0.00
76.00, 0.00, 0.00, 0.00, 0.00, 0.00, 14.13, 3.95, 57.26, -6.02, -41.36, 0.01, 0.11, 0.01, 31.22, -30.28, -25.06, -0.01, 0.00, -0.00, 30.73, -29.99, -24.68, -0.01, 0.00, -0.00
77.00, 0.00, 0.00, 0.00, 0.00, 0.00, 14.00, 3.95, 57.38, -5.74, -41.46, 0.00, 0.11, 0.01, 31.28, -29.99, -25.12, -0.00, 0.00, -0.00, 30.77, -29.97, -24.69, -0.00, 0.00, -0.00
78.00, 0.00, 0.00, 0.00, 0.00, 0.00, 14.13, 3.95, 57.37, -6.64, -40.91, -0.01, 0.10, 0.01, 31.22, -30.89, -24.57, 0.01, -0.00, -0.00, 30.79, -30.30, -24.62, 0.01, -0.00, -0.00
79.00, 0.00, 0.00, 0.00, 0.00, 0.00, 14.63, 3.95, 57.63, -6.46, -41.44, -0.00, 0.11, 0.01, 31.47, -30.74, -25.19, 0.00, 0.00, -0.00, 30.83, -30.44, -24.61, 0.00, 0.00, -0.00
80.00, 0.00, 0.00, 0.00, 0.00, 0.00, 14.13, 3.95, 57.53, -7.73, -41.29, -0.00, 0.10, 0.01, 31.28, -31.97, -24.93, 0.00, -0.00, -0.00, 30.82, -30.98, -24.52, 0.00, -0.00, -0.00
81.00, 0.00, 0.00, 0.00, 0.00, 0.00, 14.38, 3.95, 57.40, -7.56, -41.86, 0.00, 0.10, 0.01, 31.12, -31.81, -25.53, -0.00, -0.00, -0.00, 30.81, -31.25, -24.54, -0.00, -0.00, -0.00
82.00, 0.00, 0.00, 0.00, 0.00, 0.00, 14.25, 3.95, 56.84, -7.95, -42.71, 0.01, 0.10, 0.01, 30.50, -32.19, -26.34, -0.01, -0.00, -0.00, 30.72, -31.54, -24.62, -0.01, -0.00, -0.00
83.00, 0.00, 0.00, 0.00, 0.00, 0.00, 14.00, 3.95, 56.55, -6.91, -42.79, 0.00, 0.11, 0.01, 30.14, -31.13, -26.36, -0.00, 0.00, -0.00, 30.64, -31.34, -24.79, -0.00, 0.00, -0.00
84.00, 0.00, 0.00, 0.00, 0.00, 0.00, 14.00, 3.95, 56.33, -7.66, -43.15, 0.01, 0.10, 0.01, 29.89, -31.89, -26.75, -0.01, -0.01, -0.00, 30.51, -31.49, -24.92, -0.01, -0.01, -0.00
85.00, 0.00, 0.00, 0.00, 0.00, 0.00, 14.50, 3.95, 56.84, -6.31, -43.61, 0.01, 0.11, 0.01, 30.34, -30.53, -27.18, -0.01, 0.00, -0.00, 30.47, -31.07, -25.14, -0.01, 0.00, -0.00
86.00, 0.00, 0.00, 0.00, 0.00, 0.00, 14.00, 3.95, 56.74, -6.15, -43.25, -0.00, 0.10, 0.01, 30.20, -30.37, -26.82, 0.00, -0.00, -0.00, 30.43, -30.77, -25.31, 0.00, -0.00, -0.00
87.00, 0.00, 0.00, 0.00, 0.00, 0.00, 14.13, 3.95, 57.59, -6.34, -43.15, 0.01, 0.10, 0.01, 30.98, -30.55, -26.68, -0.01, -0.00, 0.00, 30.46, -30.64, -25.40, -0.01, -0.00, 0.00
88.00, 0.00, 0.00, 0.00, 0.00, 0.00, 14.25, 3.95, 58.11, -7.61, -42.44, -0.00, 0.10, 0.01, 31.47, -31.83, -25.99, 0.00, -0.00, 0.00, 30.51, -31.04, -25.33, 0.01, -0.00, 0.00
89.00, 0.00, 0.00, 0.00, 0.00, 0.00, 14.25, 3.95, 58.24, -6.88, -42.65, 0.01, 0.10, 0.01, 31.55, -31.09, -26.18, -0.01, 0.00, -0.00, 30.59, -31.03, -25.35, -0.01, 0.00, -0.00
90.00, 0.00, 0.00, 0.00, 0.00, 0.00, 14.25, 3.95, 57.95, -7.10, -40.98, 0.00, 0.10, 0.01, 31.21, -31.30, -24.50, -0.00, -0.00, -0.00, 30.65, -31.14, -25.25, -0.00, -0.00, -0.00
91.00, 0.00, 0.00, 0.00, 0.00, 0.00, 14.00, 3.95, 58.35, -7.51, -42.01, 0.00, 0.10, 0.01, 31.53, -31.69, -25.45, -0.00, -0.00, -0.00, 30.72, -31.33, -25.20, -0.00, -0.00, -0.00
92.00, 0.00, 0.00, 0.00, 0.00, 0.00, 14.38, 3.95, 58.27, -7.85, -41.58, 0.00, 0.10, 0.01, 31.43, -32.05, -25.09, -0.00, -0.00, -0.00, 30.77, -31.58, -25.13, 0.00, -0.00, -0.00
93.00, 0.00, 0.00, 0.00, 0.00, 0.00, 14.38, 3.95, 57.97, -8.30, -42.34, 0.00, 0.10, 0.01, 31.08, -32.50, -25.84, -0.00, -0.01, -0.00, 30.76, -31.89, -25.11, -0.00, -0.01, -0.00
94.00, 0.00, 0.00, 0.00, 0.00, 0.00, 13.88, 3.95, 57.63, -8.46, -42.77, 0.00, 0.10, 0.01, 30.66, -32.62, -26.14, -0.00, -0.00, -0.00, 30.71, -32.12, -25.15, -0.00, -0.00, -0.00
95.00, 0.00, 0.00, 0.00, 0.00, 0.00, 14.25, 3.95, 57.07, -7.94, -43.58, 0.01, 0.10, 0.01, 30.08, -32.11, -27.02, -0.01, 0.00, -0.00, 30.61, -32.07, -25.31, -0.01, 0.00, -0.00
96.00, 0.00, 0.00, 0.00, 0.00, 0.00, 14.25, 3.95, 56.97, -7.69, -43.60, 0.01, 0.10, 0.01, 29.93, -31.86, -27.02, -0.01, -0.00, -0.00, 30.51, -31.94, -25.47, -0.01, -0.00, -0.00
97.00, 0.00, 0.00, 0.00, 0.00, 0.00, 14.25, 3.95, 57.86, -7.06, -43.96, 0.00, 0.11, 0.01, 30.77, -31.23, -27.37, -0.00, 0.00, -0.00, 30.52, -31.62, -25.64, -0.00, 0.00, -0.00
98.00, 0.00, 0.00, 0.00, 0.00, 0.00, 14.38, 3.95, 58.05, -6.58, -43.70, 0.01, 0.10, 0.01, 30.92, -30.75, -27.12, -0.01, -0.00, -0.00, 30.55, -31.25, -25.78, -0.01, -0.00, -0.00
99.00, 0.00, 0.00, 0.00, 0.00, 0.00, 14.25, 3.95, 58.39, -6.90, -43.70, 0.00, 0.10, 0.01, 31.20, -31.06, -27.08, -0.00, -0.01, -0.00, 30.59, -31.13, -25.86, -0.00, -0.01, -0.00
100.00, 0.00, 0.00, 0.00, 0.00, 0.00, 14.00, 3.95, 59.00, -8.27, -42.08, 0.00, 0.10, 0.01, 31.74, -32.41, -25.39, -0.00, -0.01, -0.00, 30.67, -31.60, -25.70, 0.00, -0.01, -0.00
101.00, 0.00, 0.00, 0.00, 0.00, 0.00, 14.13, 3.95, 58.81, -8.46, -42.05, 0.00, 0.10, 0.01, 31.51, -32.61, -25.37, -0.00, -0.00, 0.00, 30.73, -31.96, -25.59, -0.00, -0.00, 0.00
102.00, 0.00, 0.00, 0.00, 0.00, 0.00, 14.25, 3.95, 57.94, -8.45, -41.90, -0.00, 0.10, 0.01, 30.59, -32.59, -25.24, 0.00, -0.00, -0.00, 30.70, -32.20, -25.53, 0.00, -0.00, -0.00
103.00, 0.00, 0.00, 0.00, 0.00, 0.00, 14.13, 3.95, 58.64, -8.43, -41.61, -0.00, 0.10, 0.01, 31.24, -32.57, -24.90, 0.00, 0.00, 0.00, 30.76, -32.35, -25.45, 0.00, 0.00, 0.00
104.00, 0.00, 0.00, 0.00, 0.00, 0.00, 14.50, 3.95, 57.64, -8.39, -43.80, 0.01, 0.11, 0.01, 30.20, -32.53, -27.10, -0.01, 0.00, -0.00, 30.66, -32.37, -25.58, -0.01, 0.00, -0.00
105.00, 0.00, 0.00, 0.00, 0.00, 0.00, 14.25, 3.95, 57.26, -8.26, -43.98, 0.01, 0.11, 0.01, 29.77, -32.39, -27.26, -0.01, 0.00, -0.00, 30.54, -32.33, -25.73, -0.01, 0.00, -0.00
106.00, 0.00, 0.00, 0.00, 0.00, 0.00, 14.13, 3.95, 57.67, -7.38, -44.50, 0.01, 0.10, 0.01, 30.12, -31.50, -27.75, -0.01, -0.00, -0.00, 30.48, -31.96, -25.94, -0.01, -0.00, -0.00
107.00, 0.00, 0.00, 0.00, 0.00, 0.00, 14.13, 3.95, 57.64, -7.56, -44.84, 0.00, 0.10, 0.01, 30.04, -31.67, -28.07, -0.01, -0.01, -0.00, 30.40, -31.79, -26.13, -0.01, -0.01, -0.00
108.00, 0.00, 0.00, 0.00, 0.00, 0.00, 14.13, 3.95, 58.30, -7.04, -44.58, -0.00, 0.11, 0.01, 30.65, -31.16, -27.79, 0.00, 0.00, -0.00, 30.40, -31.50, -26.28, 0.00, 0.00, -0.00
109.00, 0.00, 0.00, 0.00, 0.00, 0.00, 13.88, 3.95, 59.03, -7.40, -43.67, 0.01, 0.10, 0.01, 31.31, -31.49, -26.81, -0.01, -0.00, -0.00, 30.48, -31.47, -26.28, -0.01, -0.00, 0.00
110.00, 0.00, 0.00, 0.00, 0.00, 0.00, 14.13, 3.95, 59.28, -7.61, -43.53, -0.00, 0.10, 0.01, 31.53, -31.72, -26.70, 0.00, 0.00, -0.00, 30.56, -31.54, -26.26, 0.00, 0.00, -0.00
111.00, 0.00, 0.00, 0.00, 0.00, 0.00, 14.13, 3.95, 59.49, -8.48, -43.31, -0.00, 0.10, 0.01, 31.68, -32.58, -26.47, 0.00, -0.00, -0.00, 30.64, -31.90, -26.16, 0.00, -0.00, -0.00
112.00, 0.00, 0.00, 0.00, 0.00, 0.00, 14.25, 3.95, 59.59, -8.49, -43.98, 0.00, 0.10, 0.01, 31.75, -32.60, -27.15, -0.00, -0.01, -0.00, 30.71, -32.11, -26.15, -0.00, -0.01, -0.00
113.00, 0.00, 0.00, 0.00, 0.00, 0.00, 14.00, 3.95, 58.73, -9.46, -43.54, 0.00, 0.11, 0.01, 30.81, -33.54, -26.64, -0.00, 0.00, -0.00, 30.67, -32.61, -26.09, -0.00, 0.00, -0.00
114.00, 0.00, 0.00, 0.00, 0.00, 0.00, 14.25, 3.95, 58.32, -9.21, -43.41, 0.00, 0.10, 0.01, 30.38, -33.30, -26.55, -0.00, -0.01, -0.00, 30.61, -32.85, -26.09, -0.00, -0.01, -0.00
115.00, 0.00, 0.00, 0.00, 0.00, 0.00, 14.13, 3.95, 58.33, -9.75, -43.91, -0.01, 0.10, 0.01, 30.33, -33.83, -27.00, 0.01, 0.00, -0.00, 30.54, -33.18, -26.11, 0.01, 0.00, -0.00
116.00, 0.00, 0.00, 0.00, 0.00, 0.00, 14.25, 3.95, 57.69, -9.28, -44.24, 0.00, 0.10, 0.01, 29.65, -33.37, -27.35, -0.00, -0.00, -0.00, 30.42, -33.22, -26.23, -0.00, -0.00, -0.00
117.00, 0.00, 0.00, 0.00, 0.00, 0.00, 14.13, 3.95, 58.26, -8.87, -45.50, -0.00, 0.10, 0.01, 30.15, -32.95, -28.56, 0.00, -0.00, -0.00, 30.35, -33.05, -26.43, 0.00, -0.00, -0.00
118.00, 0.00, 0.00, 0.00, 0.00, 0.00, 14.00, 3.95, 57.95, -8.08, -45.69, 0.00, 0.10, 0.01, 29.80, -32.15, -28.71, -0.00, -0.00, 0.00, 30.27, -32.64, -26.67, -0.00, -0.00, 0.00
119.00, 0.00, 0.00, 0.00, 0.00, 0.00, 14.25, 3.95, 59.08, -8.05, -46.23, 0.01, 0.10, 0.01, 30.89, -32.13, -29.28, -0.01, -0.00, -0.00, 30.29, -32.36, -26.87, -0.01, -0.00, -0.00
120.00, 0.00, 0.00, 0.00, 0.00, 0.00, 13.75, 3.95, 58.83, -7.63, -45.37, 0.00, 0.10, 0.01, 30.56, -31.67, -28.30, -0.00, -0.00, -0.00, 30.30, -32.06, -27.00, -0.00, -0.00, -0.00
121.00, 0.00, 0.00, 0.00, 0.00, 0.00, 14.13, 3.95, 59.75, -7.76, -44.96, 0.01, 0.10, 0.01, 31.45, -31.82, -27.95, -0.01, -0.00, -0.00, 30.40, -31.93, -27.04, -0.01, -0.00, -0.00
122.00, 0.00, 0.00, 0.00, 0.00, 0.00, 14.00, 3.95, 59.68, -8.67, -44.67, -0.01, 0.10, 0.01, 31.33, -32.72, -27.64, 0.01, -0.00, -0.00, 30.46, -32.19, -27.00, 0.01, -0.00, -0.00
123.00, 0.00, 0.00, 0.00, 0.00, 0.00, 14.13, 3.95, 59.89, -9.40, -44.23, 0.01, 0.10, 0.01, 31.51, -33.46, -27.21, -0.01, -0.00, -0.00, 30.52, -32.64, -26.89, -0.01, -0.00, -0.00
124.00, 0.00, 0.00, 0.00, 0.00, 0.00, 14.50, 3.95, 60.48, -8.62, -44.74, 0.00, 0.10, 0.01, 32.06, -32.70, -27.76, -0.00, -0.00, -0.00, 30.65, -32.61, -26.89, -0.00, -0.00, -0.00
125.00, 0.00, 0.00, 0.00, 0.00, 0.00, 14.13, 3.95, 59.44, -10.23, -44.74, 0.00, 0.10, 0.01, 30.95, -34.28, -27.66, -0.00, -0.00, -0.00, 30.62, -33.19, -26.83, -0.00, -0.00, -0.00
126.00, 0.00, 0.00, 0.00, 0.00, 0.00, 14.00, 3.95, 58.75, -9.92, -45.57, -0.04, 0.10, 0.01, 30.20, -33.96, -28.45, 0.04, -0.01, -0.00, 30.52, -33.42, -26.92, 0.04, -0.01, -0.00
127.00, 0.00, 0.00, 0.00, 0.00, 0.00, 14.25, 3.95, 58.97, -10.07, -45.62, -0.01, 0.10, 0.01, 30.39, -34.12, -28.53, 0.01, -0.00, -0.00, 30.45, -33.63, -26.99, 0.01, -0.00, -0.00
128.00, 0.00, 0.00, 0.00, 0.00, 0.00, 14.13, 3.95, 58.52, -8.81, -46.19, 0.01, 0.10, 0.01, 29.88, -32.85, -29.06, -0.01, -0.00, -0.00, 30.37, -33.28, -27.22, -0.01, -0.00, 0.00
129.00, 0.00, 0.00, 0.00, 0.00, 0.00, 14.00, 3.95, 57.83, -8.55, -46.83, 0.01, 0.10, 0.01, 29.13, -32.57, -29.66, -0.01, -0.00, 0.00, 30.20, -32.94, -27.49, -0.01, -0.00, 0.00
130.00, 0.00, 0.00, 0.00, 0.00, 0.00, 14.38, 3.94, 58.46, -8.33, -46.76, 0.01, 0.10, 0.01, 29.74, -32.38, -29.65, -0.01, -0.00, -0.00, 30.12, -32.66, -27.71, -0.01, -0.00, -0.00
131.00, 0.00, 0.00, 0.00, 0.00, 0.00, 14.13, 3.94, 59.69, -7.79, -46.08, 0.00, 0.10, 0.01, 30.91, -31.81, -28.91, -0.00, -0.01, -0.00, 30.20, -32.30, -27.82, -0.00, -0.01, -0.00
132.00, 0.00, 0.00, 0.00, 0.00, 0.00, 14.00, 3.95, 59.50, -8.11, -46.86, 0.01, 0.10, 0.01, 30.65, -32.12, -29.63, -0.01, -0.01, -0.00, 30.21, -32.17, -27.94, -0.01, -0.01, -0.00
133.00, 0.00, 0.00, 0.00, 0.00, 0.00, 14.13, 3.95, 59.84, -8.59, -45.98, 0.01, 0.10, 0.01, 30.94, -32.61, -28.77, -0.01, 0.00, -0.00, 30.25, -32.30, -27.95, -0.01, 0.00, -0.00
134.00, 0.00, 0.00, 0.00, 0.00, 0.00, 14.25, 3.94, 60.01, -8.92, -46.04, -0.00, 0.10, 0.01, 31.09, -32.94, -28.83, 0.00, -0.01, -0.00, 30.30, -32.49, -27.94, 0.00, -0.01, -0.00
135.00, 0.00, 0.00, 0.00, 0.00, 0.00, 14.25, 3.95, 60.74, -9.75, -45.13, 0.01, 0.10, 0.01, 31.76, -33.77, -27.91, -0.01, -0.00, -0.00, 30.41, -32.95, -27.79, -0.01, -0.00, -0.00
136.00, 0.00, 0.00, 0.00, 0.00, 0.00, 14.00, 3.94, 60.19, -9.94, -44.43, -0.01, 0.10, 0.01, 31.15, -33.93, -27.14, 0.01, -0.00, -0.00, 30.47, -33.32, -27.65, 0.01, -0.00, -0.00
137.00, 0.00, 0.00, 0.00, 0.00, 0.00, 14.38, 3.94, 60.61, -10.25, -45.09, 0.01, 0.10, 0.01, 31.55, -34.27, -27.86, -0.01, 0.00, -0.00, 30.55, -33.65, -27.55, -0.01, 0.00, -0.00
138.00, 0.00, 0.00, 0.00, 0.00, 0.00, 14.13, 3.94, 59.68, -10.51, -45.12, 0.01, 0.10, 0.01, 30.54, -34.51, -27.81, -0.01, -0.00, -0.00, 30.52, -33.95, -27.52, -0.01, -0.00, -0.00
139.00, 0.00, 0.00, 0.00, 0.00, 0.00, 14.38, 3.94, 59.72, -10.48, -45.29, 0.01, 0.10, 0.01, 30.56, -34.49, -28.02, -0.01, -0.00, -0.00, 30.49, -34.13, -27.52, -0.01, -0.00, -0.00
140.00, 0.00, 0.00, 0.00, 0.00, 0.00, 14.13, 3.94, 58.29, -10.20, -46.16, -0.00, 0.10, 0.01, 29.05, -34.18, -28.79, 0.00, -0.00, -0.00, 30.31, -34.12, -27.68, 0.00, -0.00, -0.00
141.00, 0.00, 0.00, 0.00, 0.00, 0.00, 14.38, 3.94, 59.11, -10.90, -46.30, 0.01, 0.10, 0.01, 29.84, -34.91, -29.00, -0.01, -0.00, -0.00, 30.21, -34.37, -27.74, -0.01, -0.00, -0.00
142.00, 0.00, 0.00, 0.00, 0.00, 0.00, 14.13, 3.94, 59.30, -9.79, -47.09, -0.00, 0.10, 0.01, 29.97, -33.78, -29.71, 0.00, -0.00, -0.00, 30.16, -34.08, -27.95, 0.00, -0.00, -0.00
143.00, 0.00, 0.00, 0.00, 0.00, 0.00, 14.50, 3.94, 59.12, -9.37, -47.44, 0.01, 0.10, 0.01, 29.77, -33.38, -30.12, -0.01, -0.00, -0.00, 30.09, -33.75, -28.17, -0.01, -0.00, -0.00
144.00, 0.00, 0.00, 0.00, 0.00, 0.00, 14.25, 3.94, 58.90, -8.94, -47.08, -0.00, 0.10, 0.01, 29.48, -32.93, -29.69, 0.00, -0.00, -0.00, 30.01, -33.40, -28.37, 0.00, -0.00, -0.00
145.00, 0.00, 0.00, 0.00, 0.00, 0.00, 14.25, 3.94, 59.30, -8.81, -47.30, 0.01, 0.10, 0.01, 29.83, -32.80, -29.89, -0.01, -0.00, -0.00, 29.98, -33.13, -28.53, -0.01, -0.00, -0.00
146.00, 0.00, 0.00, 0.00, 0.00, 0.00, 14.38, 3.94, 59.98, -9.13, -47.62, -0.00, 0.11, 0.01, 30.47, -33.12, -30.22, 0.00, 0.00, -0.00, 29.99, -33.06, -28.63, 0.00, 0.00, -0.00
147.00, 0.00, 0.00, 0.00, 0.00, 0.00, 14.25, 3.94, 60.55, -8.78, -46.70, -0.01, 0.10, 0.01, 30.99, -32.76, -29.25, 0.01, -0.00, -0.00, 30.09, -32.92, -28.66, 0.01, -0.00, -0.00
148.00, 0.00, 0.00, 0.00, 0.00, 0.00, 14.00, 3.94, 60.79, -10.00, -45.72, 0.01, 0.09, 0.01, 31.17, -33.95, -28.21, -0.01, -0.01, -0.00, 30.18, -33.31, -28.51, -0.01, -0.01, -0.00
149.00, 0.00, 0.00, 0.00, 0.00, 0.00, 13.88, 3.94, 60.57, -9.91, -44.71, -0.01, 0.10, 0.01, 30.89, -33.86, -27.15, 0.01, -0.00, -0.00, 30.26, -33.54, -28.34, 0.01, -0.00, -0.00
150.00, 0.00, 0.00, 0.00, 0.00, 0.00, 14.13, 3.94, 60.45, -11.22, -45.51, 0.00, 0.10, 0.01, 30.74, -35.19, -27.99, -0.00, 0.00, -0.00, 30.27, -34.15, -28.18, -0.00, 0.00, -0.00
151.00, 0.00, 0.00, 0.00, 0.00, 0.00, 14.38, 3.94, 60.39, -10.86, -45.81, 0.00, 0.10, 0.01, 30.65, -34.83, -28.31, -0.00, -0.00, -0.00, 30.29, -34.39, -28.13, -0.00, -0.00, -0.00
152.00, 0.00, 0.00, 0.00, 0.00, 0.00, 14.25, 3.94, 59.00, -11.24, -45.63, 0.00, 0.10, 0.01, 29.20, -35.20, -28.09, -0.00, -0.01, 0.00, 30.15, -34.70, -28.11, -0.00, -0.01, 0.00
153.00, 0.00, 0.00, 0.00, 0.00, 0.00, 14.13, 3.94, 59.78, -11.31, -46.00, 0.01, 0.10, 0.01, 29.92, -35.26, -28.41, -0.01, -0.00, -0.00, 30.10, -34.90, -28.11, -0.01, -0.00, -0.00
154.00, 0.00, 0.00, 0.00, 0.00, 0.00, 14.25, 3.94, 59.16, -10.60, -47.06, -0.00, 0.10, 0.01, 29.27, -34.55, -29.49, 0.00, 0.00, -0.00, 29.99, -34.73, -28.28, 0.00, 0.00, -0.00
155.00, 0.00, 0.00, 0.00, 0.00, 0.00, 14.50, 3.94, 59.21, -10.38, -48.66, -0.00, 0.11, 0.01, 29.28, -34.35, -31.11, 0.00, 0.01, -0.00, 29.86, -34.49, -28.55, 0.00, 0.01, -0.00
156.00, 0.00, 0.00, 0.00, 0.00, 0.00, 14.25, 3.94, 59.68, -10.29, -48.09, 0.01, 0.10, 0.01, 29.68, -34.24, -30.47, -0.01, 0.00, -0.00, 29.81, -34.33, -28.72, -0.01, 0.00, -0.00
157.00, 0.00, 0.00, 0.00, 0.00, 0.00, 14.63, 3.94, 60.79, -9.38, -47.82, 0.00, 0.10, 0.01, 30.77, -33.36, -30.27, -0.00, -0.01, -0.00, 29.90, -33.90, -28.87, -0.00, -0.01, -0.00
158.00, 0.00, 0.00, 0.00, 0.00, 0.00, 14.38, 3.94, 61.22, -10.30, -47.76, 0.01, 0.10, 0.01, 31.13, -34.25, -30.11, -0.01, -0.01, -0.00, 29.99, -33.98, -28.89, -0.01, -0.01, -0.00
159.00, 0.00, 0.00, 0.00, 0.00, 0.00, 14.00, 3.94, 61.55, -10.48, -47.14, 0.00, 0.10, 0.01, 31.39, -34.40, -29.41, -0.00, 0.00, 0.00, 30.11, -34.10, -28.84, -0.00, 0.00, 0.00
160.00, 0.00, 0.00, 0.00, 0.00, 0.00, 14.25, 3.94, 61.77, -10.63, -47.54, -0.01, 0.10, 0.01, 31.58, -34.57, -29.85, 0.01, -0.00, -0.00, 30.23, -34.22, -28.82, 0.01, 0.00, -0.00
161.00, 0.00, 0.00, 0.00, 0.00, 0.00, 14.38, 3.94, 60.93, -11.55, -46.65, -0.01, 0.10, 0.01, 30.70, -35.49, -28.97, 0.01, -0.00, 0.00, 30.24, -34.68, -28.72, 0.01, -0.00, 0.00
162.00, 0.00, 0.00, 0.00, 0.00, 0.00, 14.25, 3.94, 60.22, -12.29, -46.89, 0.01, 0.10, 0.01, 29.93, -36.23, -29.16, -0.01, -0.01, -0.00, 30.15, -35.24, -28.66, -0.01, -0.01, -0.00
163.00, 0.00, 0.00, 0.00, 0.00, 0.00, 14.25, 3.94, 60.27, -11.97, -47.66, -0.01, 0.10, 0.01, 29.94, -35.90, -29.91, 0.01, -0.00, -0.00, 30.08, -35.44, -28.72, 0.01, -0.00, -0.00
164.00, 0.00, 0.00, 0.00, 0.00, 0.00, 14.38, 3.94, 59.89, -11.53, -47.79, 0.01, 0.10, 0.01, 29.52, -35.47, -30.05, -0.01, 0.00, 0.00, 29.99, -35.41, -28.85, -0.01, 0.00, 0.00
165.00, 0.00, 0.00, 0.00, 0.00, 0.00, 14.63, 3.93, 60.14, -10.93, -48.61, -0.00, 0.10, 0.01, 29.75, -34.89, -30.90, 0.00, -0.00, -0.00, 29.93, -35.14, -29.06, 0.00, -0.00, -0.00
166.00, 0.00, 0.00, 0.00, 0.00, 0.00, 14.38, 3.94, 59.81, -10.54, -49.15, 0.01, 0.10, 0.01, 29.33, -34.47, -31.37, -0.01, -0.01, -0.00, 29.83, -34.81, -29.31, -0.01, -0.01, -0.00
167.00, 0.00, 0.00, 0.00, 0.00, 0.00, 14.25, 3.94, 60.41, -10.23, -48.70, -0.01, 0.10, 0.01, 29.88, -34.15, -30.87, 0.01, -0.00, -0.00, 29.81, -34.51, -29.48, 0.01, -0.00, -0.00
168.00, 0.00, 0.00, 0.00, 0.00, 0.00, 14.38, 3.93, 60.20, -10.35, -49.23, 0.00, 0.10, 0.01, 29.64, -34.28, -31.40, -0.00, -0.00, -0.00, 29.76, -34.35, -29.65, -0.00, -0.00, -0.00
169.00, 0.00, 0.00, 0.00, 0.00, 0.00, 14.13, 3.93, 60.65, -10.51, -47.98, 0.01, 0.11, 0.01, 30.03, -34.42, -30.09, -0.01, 0.00, -0.00, 29.77, -34.36, -29.67, -0.01, 0.00, -0.00
170.00, 0.00, 0.00, 0.00, 0.00, 0.00, 14.00, 3.93, 61.40, -9.98, -48.48, 0.01, 0.10, 0.01, 30.72, -33.88, -30.54, -0.01, -0.01, -0.00, 29.87, -34.14, -29.73, -0.01, -0.01, -0.00
171.00, 0.00, 0.00, 0.00, 0.00, 0.00, 14.13, 3.93, 61.55, -11.43, -47.41, 0.00, 0.10, 0.01, 30.83, -35.33, -29.48, -0.00, -0.00, 0.00, 29.94, -34.58, -29.59, -0.00, -0.00, 0.00
172.00, 0.00, 0.00, 0.00, 0.00, 0.00, 14.13, 3.93, 61.24, -11.97, -47.19, -0.00, 0.10, 0.01, 30.47, -35.87, -29.24, 0.00, -0.00, -0.00, 29.97, -35.06, -29.44, 0.00, -0.00, -0.00
173.00, 0.00, 0.00, 0.00, 0.00, 0.00, 14.25, 3.93, 61.12, -11.68, -47.50, 0.01, 0.10, 0.01, 30.31, -35.59, -29.55, -0.01, -0.01, -0.00, 29.99, -35.25, -29.40, -0.01, -0.01, -0.00
174.00, 0.00, 0.00, 0.00, 0.00, 0.00, 14.13, 3.93, 61.18, -12.58, -47.63, -0.00, 0.10, 0.01, 30.32, -36.48, -29.64, 0.00, -0.01, 0.00, 29.98, -35.69, -29.32, 0.00, -0.01, 0.00
175.00, 0.00, 0.00, 0.00, 0.00, 0.00, 14.38, 3.93, 60.80, -12.70, -47.79, 0.00, 0.11, 0.01, 29.90, -36.61, -29.83, -0.00, 0.00, -0.00, 29.93, -36.02, -29.29, -0.00, 0.00, -0.00
176.00, 0.00, 0.00, 0.00, 0.00, 0.00, 14.13, 3.93, 60.46, -12.01, -48.82, 0.00, 0.10, 0.01, 29.51, -35.91, -30.80, -0.00, -0.00, -0.00, 29.85, -35.93, -29.44, -0.00, -0.00, -0.00
177.00, 0.00, 0.00, 0.00, 0.00, 0.00, 14.00, 3.93, 60.29, -11.56, -49.36, 0.01, 0.10, 0.01, 29.27, -35.44, -31.27, -0.01, -0.00, -0.00, 29.76, -35.68, -29.65, -0.01, -0.00, -0.00
178.00, 0.00, 0.00, 0.00, 0.00, 0.00, 14.25, 3.93, 60.76, -11.37, -49.17, 0.00, 0.10, 0.01, 29.71, -35.27, -31.11, -0.00, 0.00, -0.00, 29.73, -35.47, -29.80, -0.00, 0.00, -0.00
179.00, 0.00, 0.00, 0.00, 0.00, 0.00, 14.25, 3.93, 60.36, -11.31, -49.18, -0.00, 0.10, 0.01, 29.27, -35.21, -31.11, 0.00, -0.00, -0.00, 29.66, -35.33, -29.94, -0.00, -0.00, -0.00
180.00, 0.00, 0.00, 0.00, 0.00, 0.00, 14.25, 3.93, 60.14, -10.86, -49.30, -0.00, 0.10, 0.01, 29.01, -34.75, -31.21, 0.00, -0.01, -0.00, 29.57, -35.07, -30.11, 0.00, -0.01, -0.00
181.00, 0.00, 0.00, 0.00, 0.00, 0.00, 14.25, 3.93, 61.44, -10.87, -49.05, -0.01, 0.11, 0.01, 30.25, -34.76, -30.93, 0.01, 0.00, -0.00, 29.64, -34.92, -30.17, 0.01, 0.00, -0.00
182.00, 0.00, 0.00, 0.00, 0.00, 0.00, 14.13, 3.93, 61.08, -11.44, -48.96, -0.00, 0.10, 0.01, 29.83, -35.32, -30.80, 0.00, -0.00, -0.00, 29.63, -35.05, -30.18, 0.00, -0.00, -0.00
183.00, 0.00, 0.00, 0.00, 0.00, 0.00, 14.50, 3.93, 62.19, -11.03, -49.12, 0.00, 0.10, 0.00, 30.93, -34.94, -31.02, -0.00, 0.00, -0.00, 29.76, -34.96, -30.20, -0.00, 0.00, -0.00
184.00, 0.00, 0.00, 0.00, 0.00, 0.00, 14.13, 3.93, 61.77, -12.22, -47.59, 0.00, 0.10, 0.01, 30.43, -36.09, -29.39, -0.00, -0.00, -0.00, 29.82, -35.40, -30.02, -0.00, -0.00, -0.00
185.00, 0.00, 0.00, 0.00, 0.00, 0.00, 14.25, 3.93, 61.96, -11.93, -48.30, -0.00, 0.10, 0.01, 30.58, -35.81, -30.11, 0.00, -0.00, -0.00, 29.89, -35.54, -29.96, 0.00, -0.00, -0.00
186.00, 0.00, 0.00, 0.00, 0.00, 0.00, 14.50, 3.93, 61.18, -12.73, -47.73, 0.00, 0.10, 0.01, 29.78, -36.63, -29.57, -0.00, -0.01, -0.00, 29.85, -35.96, -29.85, -0.00, -0.01, -0.00
187.00, 0.00, 0.00, 0.00, 0.00, 0.00, 14.25, 3.93, 60.87, -13.01, -49.23, -0.01, 0.11, 0.01, 29.41, -36.89, -30.99, 0.01, 0.00, -0.00, 29.75, -36.26, -29.90, 0.01, 0.00, -0.00
188.00, 0.00, 0.00, 0.00, 0.00, 0.00, 14.13, 3.93, 60.93, -12.00, -49.50, 0.00, 0.10, 0.01, 29.41, -35.87, -31.22, -0.00, -0.00, 0.00, 29.69, -36.07, -30.04, -0.00, -0.00, 0.00
189.00, 0.00, 0.00, 0.00, 0.00, 0.00, 13.75, 3.93, 60.87, -12.12, -49.88, 0.01, 0.10, 0.01, 29.28, -35.95, -31.50, -0.01, -0.00, -0.00, 29.61, -35.98, -30.19, -0.01, -0.00, -0.00
190.00, 0.00, 0.00, 0.00, 0.00, 0.00, 14.25, 3.93, 61.12, -11.78, -50.61, -0.01, 0.10, 0.01, 29.51, -35.65, -32.31, 0.01, -0.00, -0.00, 29.56, -35.77, -30.39, 0.01, -0.00, -0.00
191.00, 0.00, 0.00, 0.00, 0.00, 0.00, 14.25, 3.93, 60.58, -11.41, -50.89, -0.00, 0.10, 0.01, 28.92, -35.28, -32.57, 0.00, -0.00, -0.00, 29.45, -35.51, -30.63, 0.00, -0.00, -0.00
192.00, 0.00, 0.00, 0.00, 0.00, 0.00, 14.38, 3.92, 61.25, -11.68, -50.23, -0.01, 0.10, 0.01, 29.57, -35.56, -31.92, 0.01, 0.00, -0.00, 29.43, -35.48, -30.72, 0.01, 0.00, -0.00
193.00, 0.00, 0.00, 0.00, 0.00, 0.00, 14.38, 3.93, 61.97, -11.30, -50.70, 0.01, 0.10, 0.01, 30.23, -35.17, -32.36, -0.01, -0.00, -0.00, 29.49, -35.30, -30.83, -0.00, -0.00, -0.00
194.00, 0.00, 0.00, 0.00, 0.00, 0.00, 14.25, 3.93, 61.65, -11.36, -50.47, 0.00, 0.09, 0.01, 29.85, -35.22, -32.08, -0.00, -0.01, -0.00, 29.50, -35.22, -30.92, -0.00, -0.01, -0.00
195.00, 0.00, 0.00, 0.00, 0.00, 0.00, 14.25, 3.93, 62.85, -11.93, -49.24, -0.00, 0.10, 0.01, 31.00, -35.79, -30.83, 0.00, -0.00, -0.00, 29.65, -35.42, -30.81, 0.00, -0.00, -0.00
196.00, 0.00, 0.00, 0.00, 0.00, 0.00, 14.13, 3.92, 62.83, -12.50, -48.92, 0.00, 0.10, 0.01, 30.94, -36.35, -30.46, -0.01, 0.00, -0.00, 29.78, -35.76, -30.65, -0.00, 0.00, -0.00
197.00, 0.00, 0.00, 0.00, 0.00, 0.00, 14.00, 3.92, 62.03, -12.67, -48.79, -0.00, 0.10, 0.01, 30.08, -36.51, -30.29, 0.00, 0.00, -0.00, 29.80, -36.05, -30.55, 0.00, 0.00, -0.00
198.00, 0.00, 0.00, 0.00, 0.00, 0.00, 14.00, 3.92, 61.15, -13.14, -49.47, 0.00, 0.10, 0.01, 29.16, -36.98, -30.95, -0.00, -0.00, -0.00, 29.69, -36.39, -30.54, -0.00, -0.00, -0.00
199.00, 0.00, 0.00, 0.00, 0.00, 0.00, 14.50, 3.92, 61.44, -13.17, -49.52, 0.01, 0.10, 0.01, 29.44, -37.04, -31.08, -0.01, -0.01, 0.00, 29.63, -36.62, -30.54, -0.01, -0.01, 0.00
200.00, 0.00, 0.00, 0.00, 0.00, 0.00, 14.25, 3.92, 60.76, -12.98, -50.19, 0.00, 0.10, 0.01, 28.69, -36.83, -31.67, -0.00, -0.01, -0.00, 29.49, -36.66, -30.66, -0.00, -0.01, -0.00
201.00, 0.00, 0.00, 0.00, 0.00, 0.00, 14.13, 3.92, 61.37, -12.70, -51.74, 0.00, 0.10, 0.01, 29.25, -36.55, -33.18, -0.01, -0.00, -0.00, 29.40, -36.52, -30.89, -0.00, -0.00, -0.00
202.00, 0.00, 0.00, 0.00, 0.00, 0.00, 14.25, 3.92, 61.60, -12.66, -51.23, 0.01, 0.10, 0.01, 29.44, -36.51, -32.67, -0.01, -0.00, -0.00, 29.36, -36.45, -31.04, -0.01, -0.00, -0.00
203.00, 0.00, 0.00, 0.00, 0.00, 0.00, 14.13, 3.92, 61.59, -12.47, -51.40, 0.01, 0.10, 0.01, 29.37, -36.31, -32.80, -0.01, 0.00, -0.00, 29.32, -36.32, -31.19, -0.01, 0.00, -0.00
204.00, 0.00, 0.00, 0.00, 0.00, 0.00, 14.13, 3.92, 61.68, -12.06, -52.18, 0.00, 0.10, 0.01, 29.41, -35.90, -33.55, -0.00, -0.00, -0.00, 29.29, -36.07, -31.42, -0.00, -0.00, -0.00
205.00, 0.00, 0.00, 0.00, 0.00, 0.00, 14.13, 3.92, 62.13, -12.25, -50.99, 0.01, 0.11, 0.01, 29.83, -36.09, -32.35, -0.01, 0.00, -0.00, 29.33, -36.03, -31.47, -0.01, 0.00, -0.00
206.00, 0.00, 0.00, 0.00, 0.00, 0.00, 14.50, 3.92, 62.13, -12.04, -51.18, 0.00, 0.10, 0.01, 29.79, -35.91, -32.59, -0.00, -0.00, -0.00, 29.36, -35.94, -31.55, -0.00, -0.00, -0.00
207.00, 0.00, 0.00, 0.00, 0.00, 0.00, 14.13, 3.92, 63.01, -12.26, -50.82, 0.01, 0.10, 0.01, 30.61, -36.10, -32.13, -0.01, -0.00, -0.00, 29.48, -35.96, -31.52, -0.00, -0.00, 0.00
208.00, 0.00, 0.00, 0.00, 0.00, 0.00, 14.25, 3.92, 62.74, -13.18, -50.45, -0.01, 0.10, 0.01, 30.31, -37.03, -31.76, 0.01, -0.00, -0.00, 29.54, -36.34, -31.42, 0.01, -0.00, -0.00
209.00, 0.00, 0.00, 0.00, 0.00, 0.00, 14.13, 3.92, 62.74, -12.69, -50.42, 0.01, 0.10, 0.01, 30.26, -36.52, -31.69, -0.01, -0.00, -0.00, 29.61, -36.39, -31.40, -0.01, -0.00, -0.00
210.00, 0.00, 0.00, 0.00, 0.00, 0.00, 14.25, 3.92, 61.93, -13.59, -50.44, -0.00, 0.11, 0.01, 29.40, -37.43, -31.70, 0.00, 0.00, -0.00, 29.55, -36.77, -31.35, 0.00, 0.00, -0.00
211.00, 0.00, 0.00, 0.00, 0.00, 0.00, 14.25, 3.92, 62.31, -13.58, -51.18, -0.01, 0.10, 0.01, 29.73, -37.42, -32.43, 0.01, -0.00, -0.00, 29.53, -36.97, -31.38, 0.01, -0.00, -0.00
212.00, 0.00, 0.00, 0.00, 0.00, 0.00, 13.88, 3.92, 61.62, -13.20, -51.77, 0.00, 0.10, 0.01, 28.99, -37.03, -32.96, -0.00, -0.01, -0.00, 29.42, -36.94, -31.53, -0.00, -0.01, -0.00
213.00, 0.00, 0.00, 0.00, 0.00, 0.00, 14.00, 3.92, 62.28, -13.05, -51.91, -0.00, 0.10, 0.01, 29.57, -36.85, -32.98, 0.00, -0.01, -0.00, 29.41, -36.84, -31.65, 0.00, -0.01, -0.00
214.00, 0.00, 0.00, 0.00, 0.00, 0.00, 14.25, 3.92, 61.77, -13.36, -51.64, -0.01, 0.10, 0.01, 29.05, -37.20, -32.81, 0.01, -0.01, -0.00, 29.32, -36.93, -31.73, 0.01, -0.01, -0.00
215.00, 0.00, 0.00, 0.00, 0.00, 0.00, 14.25, 3.92, 61.94, -12.96, -51.71, 0.00, 0.10, 0.01, 29.18, -36.80, -32.86, -0.00, -0.00, 0.00, 29.28, -36.84, -31.84, -0.00, -0.00, 0.00
216.00, 0.00, 0.00, 0.00, 0.00, 0.00, 14.25, 3.92, 62.34, -12.96, -51.94, -0.01, 0.10, 0.01, 29.53, -36.80, -33.07, 0.01, -0.00, -0.00, 29.28, -36.77, -31.94, 0.01, -0.00, -0.00
217.00, 0.00, 0.00, 0.00, 0.00, 0.00, 14.25, 3.92, 62.93, -13.17, -51.45, -0.00, 0.10, 0.01, 30.08, -37.00, -32.55, 0.00, -0.01, -0.00, 29.35, -36.83, -31.93, 0.00, -0.01, -0.00
218.00, 0.00, 0.00, 0.00, 0.00, 0.00, 14.38, 3.92, 63.15, -13.62, -51.37, 0.01, 0.10, 0.01, 30.26, -37.46, -32.48, -0.01, -0.01, -0.00, 29.43, -37.04, -31.89, -0.01, -0.01, -0.00
219.00, 0.00, 0.00, 0.00, 0.00, 0.00, 14.13, 3.91, 63.02, -12.66, -50.75, -0.01, 0.11, 0.01, 30.08, -36.48, -31.78, 0.01, 0.00, 0.00, 29.52, -36.82, -31.89, 0.01, 0.00, 0.00
220.00, 0.00, 0.00, 0.00, 0.00, 0.00, 14.25, 3.92, 62.80, -13.83, -51.58, 0.01, 0.10, 0.01, 29.81, -37.66, -32.62, -0.01, -0.01, 0.00, 29.51, -37.11, -31.87, -0.01, -0.01, 0.00
221.00, 0.00, 0.00, 0.00, 0.00, 0.00, 14.38, 3.91, 63.01, -13.84, -51.27, -0.00, 0.10, 0.01, 29.99, -37.68, -32.32, 0.00, -0.00, -0.00, 29.54, -37.30, -31.84, 0.00, -0.00, -0.00
222.00, 0.00, 0.00, 0.00, 0.00, 0.00, 14.13, 3.91, 62.20, -14.07, -51.97, -0.01, 0.10, 0.01, 29.13, -37.90, -32.94, 0.01, -0.00, -0.00, 29.45, -37.49, -31.90, 0.01, -0.00, -0.00
223.00, 0.00, 0.00, 0.00, 0.00, 0.00, 14.25, 3.91, 62.01, -13.93, -51.07, -0.01, 0.10, 0.01, 28.90, -37.76, -32.04, 0.01, -0.00, -0.00, 29.37, -37.59, -31.91, 0.01, -0.00, -0.00
224.00, 0.00, 0.00, 0.00, 0.00, 0.00, 14.25, 3.91, 62.61, -13.94, -51.71, 0.01, 0.10, 0.01, 29.45, -37.77, -32.66, -0.01, -0.00, -0.00, 29.36, -37.63, -31.96, -0.01, -0.00, -0.00
225.00, 0.00, 0.00, 0.00, 0.00, 0.00, 14.13, 3.91, 62.09, -13.31, -52.37, -0.01, 0.10, 0.01, 28.87, -37.13, -33.27, 0.01, -0.00, -0.00, 29.28, -37.39, -32.13, 0.01, -0.00, -0.00
226.00, 0.00, 0.00, 0.00, 0.00, 0.00, 14.38, 3.91, 62.51, -13.15, -52.38, 0.01, 0.10, 0.01, 29.27, -36.99, -33.31, -0.01, -0.01, -0.00, 29.26, -37.19, -32.26, -0.01, -0.01, -0.00
227.00, 0.00, 0.00, 0.00, 0.00, 0.00, 14.00, 3.91, 62.55, -13.55, -53.07, -0.01, 0.10, 0.01, 29.24, -37.36, -33.90, 0.01, -0.00, -0.00, 29.21, -37.19, -32.39, 0.01, -0.00, -0.00
228.00, 0.00, 0.00, 0.00, 0.00, 0.00, 14.13, 3.91, 62.96, -13.78, -51.75, 0.01, 0.10, 0.01, 29.61, -37.60, -32.58, -0.01, -0.00, -0.00, 29.24, -37.33, -32.35, -0.01, -0.00, -0.00
229.00, 0.00, 0.00, 0.00, 0.00, 0.00, 14.13, 3.91, 63.37, -13.88, -52.29, -0.00, 0.10, 0.01, 29.97, -37.70, -33.10, 0.00, -0.00, -0.00, 29.30, -37.43, -32.36, 0.01, -0.00, -0.00
230.00, 0.00, 0.00, 0.00, 0.00, 0.00, 14.38, 3.91, 63.62, -13.31, -52.59, -0.01, 0.10, 0.01, 30.19, -37.15, -33.42, 0.01, -0.00, -0.00, 29.39, -37.27, -32.43, 0.01, -0.00, -0.00
231.00, 0.00, 0.00, 0.00, 0.00, 0.00, 14.25, 3.91, 63.39, -13.33, -52.09, 0.00, 0.10, 0.01, 29.93, -37.16, -32.91, -0.00, -0.00, -0.00, 29.44, -37.21, -32.45, -0.00, -0.00, -0.00
232.00, 0.00, 0.00, 0.00, 0.00, 0.00, 14.00, 3.91, 63.26, -13.61, -52.53, -0.00, 0.10, 0.01, 29.72, -37.42, -33.26, 0.00, -0.01, 0.00, 29.45, -37.25, -32.49, 0.00, -0.01, 0.00
233.00, 0.00, 0.00, 0.00, 0.00, 0.00, 14.13, 3.91, 63.20, -14.51, -51.72, 0.00, 0.10, 0.01, 29.64, -38.34, -32.47, -0.00, 0.00, -0.00, 29.44, -37.66, -32.38, -0.00, 0.00, -0.00
234.00, 0.00, 0.00, 0.00, 0.00, 0.00, 14.00, 3.91, 63.11, -14.07, -52.51, -0.00, 0.11, 0.01, 29.49, -37.88, -33.18, 0.00, 0.00, -0.00, 29.42, -37.71, -32.43, 0.00, 0.00, -0.00
235.00, 0.00, 0.00, 0.00, 0.00, 0.00, 14.25, 3.91, 63.31, -14.31, -53.84, -0.01, 0.11, 0.01, 29.66, -38.13, -34.54, 0.01, 0.00, -0.00, 29.38, -37.78, -32.56, 0.01, 0.00, -0.00
236.00, 0.00, 0.00, 0.00, 0.00, 0.00, 14.50, 3.91, 62.98, -14.24, -53.68, 0.01, 0.11, 0.01, 29.30, -38.07, -34.41, -0.01, 0.00, -0.00, 29.32, -37.82, -32.70, -0.01, 0.00, -0.00
237.00, 0.00, 0.00, 0.00, 0.00, 0.00, 14.38, 3.91, 62.74, -14.56, -52.91, 0.00, 0.10, 0.01, 29.01, -38.39, -33.58, -0.00, -0.00, -0.00, 29.24, -38.00, -32.74, -0.00, -0.00, -0.00
238.00, 0.00, 0.00, 0.00, 0.00, 0.00, 14.38, 3.91, 63.04, -13.49, -53.07, 0.01, 0.11, 0.01, 29.26, -37.32, -33.72, -0.01, 0.00, -0.00, 29.24, -37.70, -32.88, -0.01, 0.00, -0.00
239.00, 0.00, 0.00, 0.00, 0.00, 0.00, 14.25, 3.91, 62.96, -14.97, -54.06, 0.01, 0.10, 0.01, 29.13, -38.79, -34.66, -0.01, -0.00, -0.00, 29.15, -38.04, -32.94, -0.01, -0.00, -0.00
240.00, 0.00, 0.00, 0.00, 0.00, 0.00, 14.25, 3.91, 62.89, -14.37, -53.22, -0.01, 0.10, 0.00, 29.01, -38.19, -33.79, 0.01, -0.00, -0.00, 29.11, -38.06, -33.01, 0.01, -0.00, -0.00
241.00, 0.00, 0.00, 0.00, 0.00, 0.00, 14.00, 3.91, 63.90, -14.07, -54.41, -0.01, 0.10, 0.01, 29.96, -37.87, -34.91, 0.01, -0.00, 0.00, 29.17, -37.90, -33.15, 0.01, -0.00, 0.00
242.00, 0.00, 0.00, 0.00, 0.00, 0.00, 14.25, 3.91, 63.45, -14.03, -53.48, 0.01, 0.10, 0.01, 29.48, -37.85, -34.00, -0.01, -0.00, 0.00, 29.19, -37.84, -33.21, -0.01, -0.00, 0.00
243.00, 0.00, 0.00, 0.00, 0.00, 0.00, 14.13, 3.91, 63.58, -13.80, -53.95, 0.00, 0.10, 0.01, 29.55, -37.61, -34.42, -0.00, -0.00, -0.00, 29.20, -37.70, -33.32, -0.00, -0.00, -0.00
244.00, 0.00, 0.00, 0.00, 0.00, 0.00, 14.25, 3.90, 63.52, -14.37, -54.79, 0.01, 0.10, 0.01, 29.48, -38.19, -35.28, -0.01, -0.00, -0.00, 29.17, -37.80, -33.43, -0.01, -0.00, -0.00
245.00, 0.00, 0.00, 0.00, 0.00, 0.00, 14.13, 3.90, 63.72, -14.50, -54.40, -0.00, 0.11, 0.01, 29.63, -38.31, -34.83, 0.00, 0.00, -0.00, 29.18, -37.93, -33.49, 0.00, 0.00, -0.00
246.00, 0.00, 0.00, 0.00, 0.00, 0.00, 13.88, 3.90, 63.48, -14.75, -53.89, -0.00, 0.11, 0.01, 29.32, -38.54, -34.24, 0.00, 0.00, -0.00, 29.16, -38.13, -33.49, 0.00, 0.00, -0.00
247.00, 0.00, 0.00, 0.00, 0.00, 0.00, 14.13, 3.90, 63.74, -14.28, -53.96, -0.00, 0.10, 0.01, 29.55, -38.09, -34.34, 0.00, -0.00, 0.00, 29.19, -38.07, -33.55, 0.01, -0.00, 0.00
248.00, 0.00, 0.00, 0.00, 0.00, 0.00, 14.00, 3.90, 63.23, -14.54, -54.38, 0.01, 0.11, 0.01, 28.99, -38.34, -34.72, -0.01, 0.00, -0.00, 29.13, -38.13, -33.63, -0.01, 0.00, -0.00
249.00, 0.00, 0.00, 0.00, 0.00, 0.00, 14.00, 3.90, 64.05, -14.83, -54.66, -0.00, 0.10, 0.01, 29.77, -38.64, -35.00, 0.00, -0.00, -0.00, 29.16, -38.26, -33.68, 0.00, -0.00, -0.00
250.00, 0.00, 0.00, 0.00, 0.00, 0.00, 14.13, 3.90, 63.74, -14.64, -54.60, -0.01, 0.10, 0.01, 29.42, -38.45, -34.91, 0.01, -0.01, -0.00, 29.15, -38.28, -33.75, 0.01, -0.01, -0.00
251.00, 0.00, 0.00, 0.00, 0.00, 0.00, 14.25, 3.90, 64.07, -14.51, -55.07, -0.01, 0.11, 0.01, 29.71, -38.33, -35.38, 0.01, 0.00, -0.00, 29.18, -38.22, -33.86, 0.01, 0.00, -0.00
252.00, 0.00, 0.00, 0.00, 0.00, 0.00, 14.13, 3.90, 63.81, -14.34, -54.63, -0.01, 0.10, 0.01, 29.42, -38.15, -34.90, 0.01, -0.00, -0.00, 29.18, -38.15, -33.94, 0.01, -0.00, -0.00
253.00, 0.00, 0.00, 0.00, 0.00, 0.00, 14.00, 3.90, 64.13, -15.01, -54.57, 0.01, 0.10, 0.01, 29.68, -38.81, -34.79, -0.01, -0.00, -0.00, 29.20, -38.36, -33.93, -0.01, -0.00, -0.00
254.00, 0.00, 0.00, 0.00, 0.00, 0.00, 14.38, 3.90, 63.72, -14.78, -54.93, -0.00, 0.10, 0.01, 29.25, -38.60, -35.19, 0.00, 0.00, -0.00, 29.17, -38.40, -34.02, 0.00, 0.00, -0.00

