0, -4.56007, 9.70477, -146.098, -2.24649, 5.14062, -72.9891, 0.041233, 0.015119, -0.020311, 0.0525485, 0.0159742, -0.0119125
0.2, -4.26776, 9.38322, -146.39, -2.88039, 6.58999, -97.435, 0.043066, 0.012523, -0.014966, 0.050762, 0.0132691, -0.00953488
0.4, -4.53084, 9.85092, -146.478, -3.26023, 7.38164, -109.688, 0.039248, 0.016188, -0.016493, 0.0449407, 0.0167061, -0.0124441
0.6, -3.91698, 9.67553, -146.478, -3.3165, 7.78164, -117.047, 0.04047, 0.015882, -0.014355, 0.045321, 0.0163795, -0.010985
0.8, -3.85852, 9.90938, -146.565, -3.32864, 8.07017, -121.974, 0.041692, 0.01405, -0.014355, 0.0457584, 0.014478, -0.011521
1, -4.18006, 10.3771, -146.068, -3.39908, 8.36771, -125.423, 0.045051, 0.016188, -0.018631, 0.0482303, 0.0164953, -0.0163176
1.2, -4.38468, 9.88015, -146.507, -3.46964, 8.39651, -128.075, 0.041997, 0.016341, -0.022449, 0.04466, 0.0165663, -0.0204894
1.4, -4.26776, 10.2894, -146.331, -3.49626, 8.55066, -130.117, 0.037874, 0.016799, -0.016035, 0.0403209, 0.0170222, -0.0143066
1.6, -4.32622, 9.99708, -145.718, -3.51245, 8.60758, -131.694, 0.040775, 0.011148, -0.019395, 0.0426951, 0.0113293, -0.0179222
1.8, -4.38468, 9.99708, -146.77, -3.59933, 8.62271, -133.082, 0.040623, 0.016188, -0.018173, 0.0425307, 0.0163321, -0.0167515
2, -3.97545, 10.0848, -146.799, -3.54696, 8.65546, -134.245, 0.038943, 0.014966, -0.016188, 0.0409743, 0.0151789, -0.0147693
2.2, -4.38468, 9.99708, -146.39, -3.57337, 8.66256, -135.2, 0.041233, 0.013897, -0.01741, 0.0426636, 0.0140111, -0.0162814
2.4, -4.23853, 10.6694, -146.331, -3.57945, 8.83616, -136.01, 0.034819, 0.011912, -0.01909, 0.0363684, 0.0120646, -0.0179705
2.6, -4.26776, 10.6986, -146.419, -3.61158, 9.02367, -136.717, 0.042302, 0.011301, -0.01741, 0.0436056, 0.0114317, -0.0163837
2.8, -4.35545, 10.1432, -147.822, -3.66873, 8.93542, -137.437, 0.037874, 0.015577, -0.01573, 0.039306, 0.0156756, -0.0146761
3, -4.26776, 9.67553, -147.15, -3.64807, 8.77759, -138.037, 0.040012, 0.017715, -0.013744, 0.0411815, 0.0177963, -0.0128378
3.2, -4.38468, 10.114, -146.858, -3.61425, 8.76656, -138.552, 0.044899, 0.015272, -0.012675, 0.0458407, 0.0153477, -0.0118777
3.4, -4.23853, 10.114, -146.711, -3.58681, 8.71094, -139.009, 0.041233, 0.01405, -0.01573, 0.0422494, 0.0141353, -0.0149417
3.6, -4.56007, 9.79246, -146.916, -3.63005, 8.61327, -139.431, 0.03879, 0.01237, -0.01741, 0.0394964, 0.0123915, -0.0167707
3.8, -3.97545, 10.6109, -146.244, -3.58608, 8.79486, -139.772, 0.046731, 0.01741, -0.014508, 0.0477106, 0.0175202, -0.0137577
4, -4.38468, 10.3186, -146.39, -3.55045, 8.76142, -140.1, 0.039095, 0.020464, -0.015272, 0.0397745, 0.0204839, -0.0147136
4.2, -4.35545, 10.7279, -147.471, -3.48693, 8.93298, -140.441, 0.04047, 0.015424, -0.013439, 0.0412006, 0.0154885, -0.0127963
4.4, -4.26776, 10.9032, -146.887, -3.4704, 9.08801, -140.728, 0.041844, 0.017868, -0.018021, 0.0424854, 0.0179065, -0.0174255
4.6, -4.67699, 10.5525, -146.741, -3.49353, 9.08369, -140.994, 0.042302, 0.01909, -0.015424, 0.0425126, 0.0190381, -0.0150741
4.8, -4.76469, 10.5525, -146.711, -3.50913, 9.07922, -141.24, 0.042761, 0.017715, -0.016799, 0.0428599, 0.0176536, -0.016491
5, -5.58316, 10.114, -145.367, -3.65349, 8.94196, -141.419, 0.040623, 0.012065, -0.019395, 0.0398784, 0.0118532, -0.0195281
5.2, -4.96931, 9.93861, -146.331, -3.75964, 8.82589, -141.62, 0.038332, 0.014203, -0.020159, 0.038304, 0.0141076, -0.0199568
5.4, -6.08009, 9.52938, -147.15, -3.9996, 8.64495, -141.838, 0.037721, 0.017104, -0.018631, 0.0370315, 0.0168464, -0.0186994
5.6, -5.67086, 10.6986, -147.267, -4.09896, 8.85845, -142.034, 0.035888, 0.01237, -0.016952, 0.035747, 0.0122739, -0.0167723
5.8, -74.715, 87.7813, -72.1134, -12.7891, 27.8789, -136.228, 0.038332, 0.016952, -0.012217, -0.0153181, 0.00728577, -0.0373842
6, -204.648, 498.129, 219.526, -24.8427, 139.414, -143.174, 0.035277, 0.016341, -0.014661, -0.113436, -0.00578045, -0.0941517
6.2, -195.966, 462.262, 175.446, -42.695, 196.32, -117.646, 0.039095, 0.017104, -0.015119, -0.0952293, -0.0034406, -0.0844172
6.4, -21.9234, 27.4773, -138.147, -49.9268, 152.233, -99.4164, 0.038179, 0.017257, -0.019242, 0.0494947, 0.0171982, -0.0147185
6.6, -7.01549, 9.734, -145.688, -46.8689, 114.869, -98.3042, 0.038943, 0.011606, -0.018021, 0.0656862, 0.0148704, -0.00637105
6.8, -5.057, 9.09091, -146.653, -41.9312, 86.4368, -102.156, 0.04444, 0.013592, -0.01405, 0.0721712, 0.0175408, -0.00160407
7, -4.53084, 8.44782, -147.033, -36.8336, 64.9251, -107.01, 0.041081, 0.018479, -0.015119, 0.0672308, 0.0224758, -0.00318096
7.2, -4.70623, 8.76937, -146.858, -32.1751, 49.1204, -111.556, 0.043677, 0.016952, -0.018631, 0.0671723, 0.0207519, -0.00770874
7.4, -4.47238, 8.41859, -146.624, -28.0756, 37.4244, -115.459, 0.040928, 0.017562, -0.011301, 0.0621029, 0.0211011, -0.00141451
7.6, -4.61853, 8.88629, -146.916, -24.5204, 29.0702, -118.774, 0.043524, 0.021991, -0.018173, 0.0622612, 0.0251956, -0.00922329
7.8, -5.37854, 8.74013, -146.858, -21.5678, 22.9344, -121.558, 0.043371, 0.01741, -0.017562, 0.0593712, 0.0201912, -0.00984941
8, -5.37854, 8.94475, -146.711, -19.0803, 18.567, -123.865, 0.037263, 0.014661, -0.018784, 0.0514378, 0.017148, -0.0118944
8.2, -4.94008, 9.20783, -146.828, -16.9128, 15.5429, -125.804, 0.041539, 0.015119, -0.018631, 0.0543147, 0.0173984, -0.0123246
8.4, -5.11546, 8.88629, -146.975, -15.085, 13.237, -127.475, 0.043219, 0.013286, -0.018021, 0.0543533, 0.0152703, -0.0124649
8.6, -19.7018, 12.6279, -130.985, -15.6239, 12.5038, -127.817, 0.121104, 0.839634, 1.07589, 0.118075, 0.836201, 1.07023
8.8, -52.4116, 29.4943, -134.142, -10.8692, 16.9191, -128.526, 0.107665, 0.065057, -0.446543, 0.0746242, 0.0607427, -0.453507
9, -33.119, -18.9418, -138.644, -14.3991, 6.07869, -129.134, 0.074373, -0.1237, -0.088881, 0.0570168, -0.127536, -0.0980556
9.2, -32.8851, -10.6109, -139.579, -18.6674, 0.964941, -129.306, 0.04047, 0.016646, -0.018479, 0.0289173, 0.013199, -0.0236749
9.4, -32.5636, -9.29553, -140.719, -20.6236, -2.02987, -129.682, 0.035736, 0.014508, -0.021228, 0.0265964, 0.0121711, -0.0248363
9.6, -33.9082, -9.6463, -141.567, -22.4713, -4.26028, -130.036, 0.037568, 0.016799, -0.019395, 0.02916, 0.01464, -0.0226249
9.8, -33.9082, -9.67553, -140.865, -23.9967, -5.90679, -130.339, 0.040317, 0.018173, -0.016035, 0.0332327, 0.0163553, -0.0187071
10, -35.7498, -9.41245, -139.374, -25.5316, -7.06684, -130.532, 0.048869, 0.017562, -0.020922, 0.0413996, 0.0157328, -0.023749
10.2, -22.3911, -5.29085, -141.976, -24.8497, -6.86907, -131.18, 0.039859, 0.014966, -0.019853, 0.0439833, 0.0156852, -0.0175957
10.4, 103.595, -957.761, 758.521, 79.0258, -363.38, -300.476, 0.041233, 0.015272, -0.016341, -0.231455, -0.0278044, -0.177751
10.6, 202.952, -957.761, 514.44, 137.956, -451.337, -215.025, 0.040164, 0.019548, -0.014966, -0.115156, -0.00538697, -0.116472
10.8, -179.772, -70.0965, -957.849, -59.7348, -128.883, -442.071, 0.038637, 0.0197, -0.013286, 0.0178644, 0.00760671, 0.00979256
11, -31.102, -2.36773, -138.322, -48.3791, -69.6045, -365.94, 0.046426, 0.020617, -0.020922, 0.0311152, 0.0228039, -0.035744
11.2, -33.2944, -8.41859, -139.638, -43.3685, -48.9695, -320.731, 0.047342, 0.017715, -0.016341, 0.0304706, 0.0182272, -0.0306835
11.4, -34.4344, -9.50015, -140.661, -40.877, -38.1515, -290.802, 0.039095, 0.016188, -0.021686, 0.0228691, 0.0160223, -0.0346369
11.6, -33.6159, -9.09091, -140.105, -39.1082, -31.1435, -269.389, 0.040623, 0.015424, -0.013897, 0.0261477, 0.015146, -0.0253313
11.8, -33.7621, -8.88629, -140.047, -37.933, -26.3968, -253.302, 0.037415, 0.016493, -0.007178, 0.023981, 0.016041, -0.0175724
12, -34.1713, -9.12014, -139.696, -37.1438, -23.075, -240.733, 0.045509, 0.016035, -0.016493, 0.032564, 0.0154206, -0.026103
12.2, -33.6451, -9.23706, -139.638, -36.4439, -20.8794, -230.649, 0.041233, 0.018326, -0.014355, 0.0296402, 0.0177419, -0.0230917
12.4, -33.5574, -8.7109, -138.994, -35.8357, -19.0544, -222.344, 0.045357, 0.01741, -0.016646, 0.0343855, 0.016818, -0.0247549
12.6, -33.3821, -9.20783, -139.053, -35.3304, -17.904, -215.407, 0.04215, 0.026267, -0.016799, 0.0319354, 0.0256305, -0.0243513
12.8, -33.879, -8.97399, -140.193, -34.8274, -16.892, -209.639, 0.04444, 0.022449, -0.013897, 0.0344153, 0.0217583, -0.0210741
13, -33.6451, -9.29553, -140.719, -34.4465, -16.2182, -204.707, 0.041386, 0.016799, -0.016646, 0.0320751, 0.0161387, -0.023295
13.2, -33.9374, -8.91552, -140.105, -34.2653, -15.5491, -200.369, 0.038026, 0.021228, -0.017868, 0.0289216, 0.0205004, -0.0242803
13.4, -33.2651, -9.03245, -140.251, -33.9321, -15.0069, -196.602, 0.038179, 0.019548, -0.013744, 0.0299033, 0.0189425, -0.0196503
13.6, -33.3821, -9.29553, -138.994, -33.7046, -14.6731, -193.178, 0.04383, 0.01573, -0.014203, 0.0355122, 0.0150798, -0.0200054
13.8, -33.6744, -8.68167, -139.404, -33.6112, -14.2892, -190.138, 0.040775, 0.018021, -0.015119, 0.0328279, 0.0173518, -0.0206394
14, -33.3821, -8.59398, -139.842, -33.4446, -13.9078, -187.455, 0.044899, 0.020159, -0.017104, 0.0374861, 0.0195559, -0.0222299
14.2, -33.4405, -9.1786, -139.024, -33.2768, -13.8434, -184.978, 0.047189, 0.019395, -0.01741, 0.0398028, 0.0187595, -0.0224823
14.4, -32.5928, -9.06168, -138.731, -33.0155, -13.7724, -182.736, 0.045509, 0.019548, -0.015272, 0.0389848, 0.0190543, -0.0199128
14.6, -33.5282, -8.41859, -138.498, -32.9248, -13.4892, -180.672, 0.040775, 0.018631, -0.01405, 0.03379, 0.0180022, -0.0188137
14.8, -32.8851, -9.41245, -139.053, -32.768, -13.4586, -178.808, 0.045509, 0.019853, -0.017868, 0.0391113, 0.0193019, -0.0222319
15, -33.002, -8.88629, -138.965, -32.6222, -13.3385, -177.097, 0.040317, 0.018479, -0.016035, 0.034126, 0.0179363, -0.0202969
15.2, -33.0605, -9.41245, -139.228, -32.5264, -13.3023, -175.52, 0.043677, 0.021075, -0.018937, 0.0375185, 0.0204978, -0.0230616
15.4, -33.2651, -9.70477, -138.147, -32.4359, -13.4036, -174.008, 0.044288, 0.019395, -0.016799, 0.0379576, 0.0187763, -0.0210168
15.6, -32.8559, -9.09091, -138.731, -32.3193, -13.2782, -172.648, 0.044593, 0.016799, -0.015424, 0.0389048, 0.0162947, -0.0192669
15.8, -32.9436, -8.76937, -138.468, -32.2686, -13.0859, -171.366, 0.042913, 0.016646, -0.01573, 0.0373228, 0.0161328, -0.0194856
16, -33.4697, -9.00322, -138.965, -32.3019, -12.96, -170.17, 0.043219, 0.018173, -0.014661, 0.0374401, 0.0175772, -0.0184303
16.2, -33.4405, -8.76937, -138.614, -32.3056, -12.7856, -169.048, 0.036957, 0.017257, -0.01909, 0.0313987, 0.0166917, -0.0227315
16.4, -33.5867, -8.27243, -138.322, -32.3368, -12.4445, -167.992, 0.042302, 0.018021, -0.018631, 0.0367008, 0.0174502, -0.0222284
16.6, -34.0836, -8.47705, -139.111, -32.4244, -12.2812, -167.006, 0.039554, 0.015424, -0.017562, 0.0339333, 0.0148035, -0.0211341
16.8, -33.2067, -8.7986, -138.527, -32.4127, -12.234, -166.068, 0.077122, 0.016035, -0.01573, 0.0718788, 0.0155526, -0.0189682
17, -33.6451, -9.2663, -138.907, -32.4527, -12.7424, -165.145, 0.041997, 0.023366, -0.017868, 0.0372886, 0.0228122, -0.0211007
17.2, -33.9374, -9.06168, -138.585, -32.4252, -12.6353, -164.319, 0.038637, 0.015577, -0.012217, 0.0334903, 0.0150288, -0.0155204
17.4, -33.5574, -9.14937, -140.251, -32.4534, -12.4869, -163.581, 0.04948, 0.017868, -0.016035, 0.0449172, 0.0173938, -0.0188848
17.6, -33.2944, -9.58784, -138.79, -32.4085, -12.655, -162.827, 0.04444, 0.014966, -0.011454, 0.0400489, 0.0145236, -0.0143685
17.8, -33.8205, -9.47091, -139.228, -32.4885, -12.6546, -162.113, 0.042608, 0.013439, -0.011148, 0.0380295, 0.0129364, -0.0140605
18, -33.7036, -9.12014, -139.287, -32.559, -12.5179, -161.446, 0.038485, 0.015272, -0.014203, 0.0342327, 0.0148155, -0.0169325
18.2, -33.6744, -9.44168, -139.374, -32.5842, -12.4574, -160.816, 0.038637, 0.020464, -0.017868, 0.0344641, 0.0200016, -0.0205201
18.4, -33.6451, -8.94475, -138.819, -32.5263, -12.2874, -160.225, 0.043677, 0.017868, -0.01573, 0.0394916, 0.0174421, -0.0183845
18.6, -33.2651, -9.14937, -139.842, -32.4526, -12.2442, -159.683, 0.038485, 0.018937, -0.016952, 0.0348746, 0.0185717, -0.0193222
18.8, -33.119, -9.09091, -139.17, -32.3528, -12.15, -159.155, 0.043524, 0.01909, -0.017868, 0.0398381, 0.0187323, -0.0202382
19, -33.4697, -9.44168, -139.345, -32.3151, -12.223, -158.632, 0.040928, 0.017257, -0.017257, 0.0370658, 0.016834, -0.0197169
19.2, -33.4113, -9.1786, -139.608, -32.2967, -12.1571, -158.144, 0.042455, 0.01909, -0.014355, 0.0387443, 0.0186847, -0.0167055
19.4, -33.9082, -8.7109, -138.673, -32.3331, -11.9962, -157.65, 0.040012, 0.021075, -0.020464, 0.0359187, 0.0205911, -0.0229705
19.6, -33.7328, -9.00322, -138.731, -32.3074, -11.9335, -157.181, 0.039706, 0.016952, -0.01573, 0.0357591, 0.0165084, -0.0181948
19.8, -33.7328, -9.38322, -138.644, -32.3463, -11.9729, -156.708, 0.037721, 0.015119, -0.014508, 0.0338395, 0.0146661, -0.0169268
20, -33.8498, -8.91552, -139.638, -32.4154, -11.8233, -156.287, 0.041844, 0.01909, -0.016952, 0.0381532, 0.0186494, -0.0191794
20.2, -33.5867, -8.94475, -138.965, -32.3831, -11.7824, -155.876, 0.04444, 0.017868, -0.016952, 0.0409031, 0.017479, -0.0191425
20.4, -33.4697, -8.97399, -139.053, -32.3514, -11.7859, -155.48, 0.049786, 0.022755, -0.018631, 0.0463756, 0.0223691, -0.0207283
20.6, -33.4697, -9.00322, -139.55, -32.2554, -11.8418, -155.119, 0.040623, 0.017104, -0.016035, 0.0374119, 0.0167518, -0.0180869
20.8, -33.3821, -8.94475, -139.784, -32.2358, -11.7505, -154.772, 0.044288, 0.01573, -0.019242, 0.041115, 0.0153854, -0.0211752
21, -33.2067, -8.82783, -139.053, -32.2092, -11.7046, -154.417, 0.038637, 0.019242, -0.017104, 0.0356177, 0.0189048, -0.019047
21.2, -33.2944, -9.09091, -138.761, -32.1557, -11.6767, -154.073, 0.039554, 0.02138, -0.01237, 0.0363303, 0.021009, -0.01439
21.4, -33.9667, -9.2663, -140.427, -32.1799, -11.6656, -153.763, 0.044746, 0.018173, -0.016035, 0.0412502, 0.0177275, -0.0180363
21.6, -33.4697, -9.44168, -140.368, -32.1676, -11.7649, -153.46, 0.041844, 0.015119, -0.014355, 0.0388532, 0.0147623, -0.016184
21.8, -33.2944, -8.88629, -139.345, -32.1725, -11.6656, -153.155, 0.041997, 0.019395, -0.018479, 0.0390737, 0.0190559, -0.0202643
22, -33.4697, -9.55861, -139.345, -32.143, -11.7861, -152.851, 0.042761, 0.023213, -0.014508, 0.0396402, 0.0228175, -0.0164096
22.2, -33.7036, -9.41245, -138.527, -32.1096, -11.8393, -152.545, 0.041386, 0.017104, -0.021991, 0.0379967, 0.0166925, -0.0239858
22.4, -34.4344, -8.94475, -138.848, -32.2558, -11.7339, -152.232, 0.041386, 0.022755, -0.018631, 0.0376577, 0.0222252, -0.020779
22.6, -33.8498, -8.82783, -139.725, -32.2238, -11.5954, -151.985, 0.041844, 0.016188, -0.020159, 0.038755, 0.0158191, -0.0219578
22.8, -33.3236, -9.88015, -138.848, -32.2072, -11.8127, -151.694, 0.040775, 0.017257, -0.013592, 0.0379161, 0.0169071, -0.0153758
23, -33.2944, -9.20783, -139.842, -32.1734, -11.7376, -151.459, 0.039706, 0.017868, -0.013134, 0.0371353, 0.0175689, -0.0147022
23.2, -33.9082, -9.14937, -139.754, -32.2272, -11.6514, -151.213, 0.043066, 0.017104, -0.013592, 0.0400152, 0.0167085, -0.0153399
23.4, -33.2651, -9.20783, -139.638, -32.1891, -11.6383, -150.984, 0.04383, 0.018021, -0.015577, 0.0413103, 0.0177293, -0.0170943
23.6, -33.4405, -9.09091, -139.345, -32.1668, -11.6131, -150.753, 0.039401, 0.021991, -0.017257, 0.0367693, 0.0216562, -0.0188477
23.8, -33.7621, -9.20783, -140.164, -32.1405, -11.5626, -150.55, 0.04215, 0.017562, -0.018479, 0.0393151, 0.0172018, -0.020089
24, -33.6451, -9.47091, -139.374, -32.1596, -11.6391, -150.317, 0.041539, 0.021228, -0.013744, 0.0387268, 0.0208469, -0.0154111
24.2, -34.2298, -9.79246, -138.556, -32.2237, -11.7768, -150.061, 0.045509, 0.01909, -0.020159, 0.0420987, 0.0186142, -0.0220461
24.4, -33.6451, -9.20783, -139.725, -32.2077, -11.7429, -149.863, 0.039706, 0.013286, -0.017715, 0.0371617, 0.0129763, -0.0192343
24.6, -33.2944, -9.20783, -137.65, -32.2249, -11.6914, -149.62, 0.033445, 0.015882, -0.015882, 0.0309, 0.0155773, -0.0174832
24.8, -33.2359, -9.61707, -138.702, -32.1961, -11.677, -149.412, 0.043219, 0.016035, -0.019242, 0.0407113, 0.015747, -0.0206923
25, -33.7328, -9.32476, -140.047, -32.2313, -11.6668, -149.225, 0.040928, 0.019548, -0.015272, 0.0384441, 0.0192044, -0.0167215
25.2, -33.6451, -9.03245, -139.316, -32.2104, -11.5551, -149.047, 0.043371, 0.020006, -0.018173, 0.0408304, 0.0196834, -0.0196181
25.4, -33.3528, -8.82783, -137.738, -32.1451, -11.4743, -148.849, 0.038026, 0.024587, -0.015272, 0.0355272, 0.0242733, -0.0168136
25.6, -33.0313, -9.76323, -137.357, -31.992, -11.6145, -148.648, 0.037263, 0.015577, -0.013134, 0.0347226, 0.0152992, -0.0146952
25.8, -33.2651, -9.79246, -139.024, -32.003, -11.6782, -148.458, 0.039248, 0.01573, -0.016646, 0.0368161, 0.0154159, -0.0180432
26, -32.8559, -9.70477, -137.474, -31.9537, -11.7557, -148.252, 0.038332, 0.012065, -0.014966, 0.036023, 0.0118131, -0.0163992
26.2, -33.4113, -9.35399, -138.761, -32.0314, -11.6743, -148.063, 0.03711, 0.019242, -0.015577, 0.0346947, 0.0189056, -0.0169792
26.4, -33.5282, -9.35399, -140.047, -32.0203, -11.5759, -147.924, 0.042455, 0.018479, -0.018784, 0.0401018, 0.0181663, -0.0200605
26.6, -33.9667, -9.09091, -138.761, -32.0865, -11.5125, -147.746, 0.040164, 0.013744, -0.011606, 0.0374116, 0.0133654, -0.0131759
26.8, -33.2651, -8.76937, -138.907, -32.1059, -11.3314, -147.591, 0.040775, 0.014661, -0.016035, 0.0386608, 0.014408, -0.0172497
27, -32.8267, -8.91552, -139.608, -32.038, -11.248, -147.462, 0.038943, 0.019853, -0.015119, 0.037275, 0.0196582, -0.0161435
27.2, -33.2067, -9.12014, -138.79, -31.975, -11.2375, -147.317, 0.04215, 0.017715, -0.016341, 0.0399277, 0.0174415, -0.0176099
27.4, -33.499, -9.20783, -139.667, -31.9871, -11.2666, -147.175, 0.045051, 0.015882, -0.018937, 0.0427579, 0.0155713, -0.0201877
27.6, -33.3821, -8.74013, -139.667, -31.999, -11.1904, -147.042, 0.041233, 0.017715, -0.015272, 0.0391848, 0.017436, -0.0164579
27.8, -33.2359, -9.1786, -138.614, -31.9745, -11.2271, -146.892, 0.041081, 0.012217, -0.0197, 0.0388919, 0.0119501, -0.0209441
28, -33.5282, -8.7986, -138.088, -32.0601, -11.1626, -146.72, 0.04215, 0.01741, -0.016646, 0.0397636, 0.017078, -0.0180121
28.2, -33.6744, -9.61707, -139.579, -32.09, -11.3124, -146.575, 0.036346, 0.014966, -0.017257, 0.0341044, 0.0146358, -0.0185148
28.4, -33.8205, -8.74013, -138.673, -32.1667, -11.1342, -146.432, 0.038026, 0.020311, -0.01741, 0.0356305, 0.0199613, -0.018725
28.6, -33.5282, -8.50629, -139.287, -32.1202, -10.9451, -146.329, 0.040775, 0.018326, -0.014355, 0.0387024, 0.0180606, -0.0155074
28.8, -34.4636, -9.12014, -138.614, -32.2489, -11.0078, -146.164, 0.04383, 0.019395, -0.016493, 0.040921, 0.018937, -0.0180172
29, -33.4697, -9.67553, -139.316, -32.1982, -11.2241, -146.038, 0.038637, 0.020159, -0.017562, 0.036672, 0.0198732, -0.0186851
29.2, -33.1774, -9.6463, -139.784, -32.0971, -11.3223, -145.943, 0.044593, 0.018021, -0.01741, 0.0428116, 0.0177968, -0.0183881
29.4, -34.0836, -9.00322, -138.702, -32.1713, -11.2915, -145.805, 0.040775, 0.016952, -0.016035, 0.038314, 0.0165832, -0.0173823
29.6, -33.499, -8.91552, -139.287, -32.1618, -11.185, -145.702, 0.037874, 0.020464, -0.016493, 0.0359915, 0.0201966, -0.0175473
29.8, -33.9959, -9.14937, -140.047, -32.1793, -11.1302, -145.607, 0.038637, 0.023366, -0.015272, 0.0364336, 0.0230148, -0.0164273
30, -33.7621, -9.12014, -139.258, -32.1294, -11.0974, -145.513, 0.039706, 0.022297, -0.016035, 0.037531, 0.0219799, -0.0171973
30.2, -33.5282, -8.97399, -138.965, -32.0654, -11.0533, -145.419, 0.047647, 0.018784, -0.022449, 0.0455323, 0.0185078, -0.023539
30.4, -33.2359, -9.23706, -139.374, -32.003, -11.1809, -145.319, 0.037874, 0.020617, -0.013134, 0.0361794, 0.0203675, -0.0141642
30.6, -33.3528, -9.61707, -139.871, -31.9516, -11.2496, -145.234, 0.04215, 0.020769, -0.021533, 0.0402451, 0.0204907, -0.0225015
30.8, -33.3821, -8.44782, -139.228, -31.901, -11.047, -145.159, 0.042302, 0.019242, -0.015577, 0.0404086, 0.0189893, -0.0166247
31, -33.4405, -8.7986, -139.608, -31.8906, -10.9756, -145.074, 0.040012, 0.018631, -0.014508, 0.0381009, 0.0183513, -0.0155406
31.2, -33.2359, -9.23706, -139.754, -31.8616, -11.0144, -144.989, 0.03879, 0.017715, -0.015272, 0.0369984, 0.017454, -0.0162381
31.4, -32.9728, -8.88629, -138.585, -31.8113, -10.9578, -144.895, 0.044288, 0.021075, -0.01741, 0.0424738, 0.0208335, -0.0183932
31.6, -32.9436, -8.94475, -138.994, -31.719, -10.9844, -144.813, 0.038179, 0.016493, -0.01909, 0.0364929, 0.0162735, -0.020047
31.8, -33.5282, -9.06168, -139.491, -31.778, -10.9634, -144.715, 0.035125, 0.022449, -0.013897, 0.0330598, 0.0221023, -0.015013
32, -33.5282, -8.76937, -139.316, -31.7619, -10.8229, -144.641, 0.039095, 0.018173, -0.017868, 0.0369523, 0.0178625, -0.0189491
32.2, -33.3236, -10.0555, -139.696, -31.7696, -11.1182, -144.537, 0.041844, 0.015272, -0.021991, 0.0398318, 0.0149583, -0.0230179
32.4, -32.9728, -9.41245, -139.93, -31.7518, -11.1891, -144.46, 0.040775, 0.0197, -0.020769, 0.0392294, 0.0194617, -0.0216058
32.6, -33.002, -9.67553, -139.024, -31.6908, -11.3176, -144.373, 0.038637, 0.018784, -0.017715, 0.0368723, 0.0185262, -0.0186983
32.8, -32.5051, -10.2894, -140.807, -31.5741, -11.5191, -144.324, 0.042608, 0.019395, -0.016188, 0.0413575, 0.0192156, -0.0168452
33, -34.4051, -10.0263, -140.544, -31.7477, -11.6277, -144.224, 0.039859, 0.016188, -0.017104, 0.0372578, 0.015719, -0.018364
33.2, -34.6098, -10.874, -139.988, -31.9716, -11.911, -144.091, 0.043066, 0.016952, -0.019548, 0.0402659, 0.0164386, -0.0208892
33.4, -34.5221, -10.2309, -140.368, -32.1337, -11.9663, -143.997, 0.039554, 0.0197, -0.015882, 0.0371995, 0.0192666, -0.01705
33.6, -36.6559, -11.3417, -138.585, -32.5654, -12.2961, -143.798, 0.04383, 0.019853, -0.01405, 0.0396148, 0.0190516, -0.0160687
33.8, -42.1514, -18.8541, -134.873, -33.7701, -14.6561, -143.167, 0.044899, 0.020006, -0.016341, 0.0358746, 0.0181204, -0.0206671
34, -50.4531, -33.5282, -128.033, -36.0243, -20.3546, -141.621, 0.041844, 0.018326, -0.018173, 0.0256095, 0.01482, -0.0260301
34.2, -58.7255, -50.8916, -120.871, -39.1092, -28.9953, -138.778, 0.04444, 0.018479, -0.01573, 0.0217952, 0.0135268, -0.0266905
34.4, -85.5013, -97.603, -103.8, -45.1054, -46.8702, -130.54, 0.04047, 0.015882, -0.014661, -0.00519223, 0.00562932, -0.0364659
34.6, -245.922, -209.296, -35.2821, -69.3781, -81.8088, -99.3435, 0.042761, 0.020464, -0.016493, -0.13533, -0.0187938, -0.097872
34.8, -899.24, -409.792, 65.741, -176.112, -130.136, -79.0156, 0.042302, 0.016952, -0.018631, -0.634347, -0.128753, -0.318954
35, -957.761, -413.242, 77.9012, -267.181, -165.206, -84.4838, 0.038332, 0.016341, -0.013897, -0.612888, -0.122757, -0.302736
35.2, -957.761, -133.908, 278.252, -382.479, -72.4423, -29.9364, 0.040317, 0.017715, -0.015882, -0.507631, -0.0938813, -0.265004
35.4, -31.1897, -2.42619, -142.678, -326.888, -61.3812, -31.1139, 0.04383, 0.020922, -0.020159, 0.312546, 0.0796096, 0.103508
35.6, -28.2666, -8.44782, -144.753, -281.29, -48.0408, -42.2051, 0.041844, 0.022297, -0.018021, 0.277819, 0.072625, 0.0888458
35.8, -23.8819, -6.81087, -152.529, -241.501, -37.1191, -55.7064, 0.042302, 0.016952, -0.015272, 0.246187, 0.0602695, 0.0773548
36, 250.775, -957.761, -919.322, -23.0572, -471.218, 82.4246, 0.042302, 0.015119, -0.015577, 0.376312, 0.0613248, 0.160431
36.2, -18.7957, 957.819, -957.849, -79.9725, 498.321, -20.38, 0.040928, 0.022602, -0.017257, 0.312056, 0.0714003, 0.150349
36.4, 957.819, -957.761, -957.849, 379.854, -492.599, -33.5247, 0.042455, 0.021838, -0.01741, 0.628139, 0.122988, 0.264375
36.6, 957.819, -957.761, -957.849, 559.158, -671.312, -234.14, 0.041692, 0.018937, -0.016188, 0.456688, 0.0910519, 0.190983
36.8, -27.0973, 17.7726, -98.3923, 378.233, -409.367, -315.082, 0.043371, 0.018021, -0.015577, -0.263665, -0.0396097, -0.152847
37, -29.9912, 18.6203, -87.7229, 291.283, -276.214, -316.401, 0.040317, 0.019242, -0.021838, -0.224219, -0.0298236, -0.141768
37.2, -87.1383, -600.76, -885.589, 31.5259, -410.708, -368.572, 0.038179, 0.015424, -0.014355, -0.00142524, -0.00827973, -0.00963765
37.4, 957.819, -794.037, -957.849, 494.78, -545.559, -264.851, 0.042302, 0.017257, -0.021686, 0.510551, 0.103469, 0.205513
37.6, -174.043, 760.041, -957.849, 4.73337, 393.533, -229.954, 0.042761, 0.01741, -0.017868, 0.0573808, 0.0117965, 0.029282
37.8, 957.819, -794.008, -957.849, 438.108, -440.734, -177.749, 0.04047, 0.017562, -0.017868, 0.567944, 0.111035, 0.23411
38, 696.609, -957.761, -957.849, 449.899, -697.538, -334.699, 0.041692, 0.017104, -0.015577, 0.317908, 0.0607045, 0.127709
38.2, 889.711, -957.761, -957.849, 603.241, -752.202, -423.106, 0.041233, 0.018937, -0.020617, 0.339823, 0.0710877, 0.129318
38.4, 392.02, -957.761, -957.849, 361.197, -819.491, -597.358, 0.04215, 0.01573, -0.016799, 0.106657, 0.0200803, 0.0285171
38.6, -11.4002, -82.9874, -198.188, 259.988, -534.227, -661.573, 0.039859, 0.017257, -0.015272, -0.203922, -0.0199553, -0.130637
38.8, -5.58316, -89.3306, -191.64, 204.839, -387.101, -641.244, 0.043524, 0.020311, -0.015882, -0.168892, -0.0126351, -0.120662
39, -81.409, 669.19, 531.687, 136.91, -38.3801, -675.29, 0.038943, 0.017715, -0.011912, -0.220423, -0.00960213, -0.179123
39.2, -44.9868, 957.819, 529.787, 91.4371, 181.94, -582.835, 0.037568, 0.01909, -0.01573, -0.138778, 0.0111247, -0.136671
39.4, -12.2771, -77.4627, -107.805, 48.7593, 62.6088, -372.468, 0.04047, 0.0197, -0.022144, -0.0756713, -0.00267931, -0.0864079
39.6, -435.253, 957.819, 582.666, -34.8994, 296.069, -410.371, 0.04047, 0.021075, -0.014813, -0.344891, -0.0379516, -0.223707
39.8, -7.57089, -89.0383, -132.593, -48.8813, 151.169, -218.76, 0.04215, 0.018631, -0.017715, 0.0254336, 0.0133342, -0.0326595
40, -10.4648, -81.4966, -129.991, -46.7142, 79.2628, -159.467, 0.044593, 0.018937, -0.018173, 0.0470598, 0.0175388, -0.0213908
40.2, -11.4294, -81.0289, -131.394, -42.6182, 34.8245, -133.202, 0.040775, 0.01909, -0.020159, 0.050141, 0.0193602, -0.0183669
40.4, -11.1079, -81.0874, -131.57, -38.1186, 4.40757, -119.678, 0.044899, 0.017715, -0.018173, 0.0573106, 0.0188894, -0.0138673
40.6, -11.1663, -81.4382, -131.219, -33.9404, -17.4472, -112.172, 0.037721, 0.015424, -0.015424, 0.0509391, 0.0169585, -0.0100938
40.8, -10.6109, -81.2336, -132.564, -30.1754, -33.1959, -108.19, 0.045662, 0.019548, -0.017868, 0.0592245, 0.0213136, -0.0117696
41, -10.874, -80.9705, -130.751, -26.9341, -44.7867, -105.972, 0.043371, 0.017868, -0.018937, 0.0558363, 0.0195712, -0.0131142
41.2, -10.6694, -81.5843, -129.144, -24.1529, -53.4717, -104.75, 0.046426, 0.018631, -0.018631, 0.0577589, 0.0202233, -0.0131422
41.4, -10.3479, -81.6428, -129.26, -21.7464, -59.9034, -104.361, 0.039401, 0.018784, -0.01741, 0.0500647, 0.0203024, -0.0121127
41.6, -10.5817, -81.3213, -129.787, -19.7673, -64.5191, -104.628, 0.041997, 0.01405, -0.020006, 0.0514711, 0.0154144, -0.0150619
41.8, -10.3479, -81.1459, -128.267, -18.0852, -67.9977, -105.065, 0.043524, 0.019853, -0.015882, 0.0519863, 0.0210522, -0.0114267
42, -10.3771, -81.2043, -128.354, -16.651, -70.6143, -105.723, 0.038637, 0.018479, -0.018479, 0.0461952, 0.0195427, -0.0143882
42.2, -10.6402, -82.1105, -128.617, -15.4883, -72.7568, -106.462, 0.045357, 0.013439, -0.016035, 0.051715, 0.0143028, -0.0124316
42.4, -10.9325, -81.6428, -129.085, -14.6172, -74.2883, -107.342, 0.037568, 0.016493, -0.016035, 0.0432906, 0.017202, -0.012735
42.6, -11.8386, -81.3505, -127.302, -14.0005, -75.411, -108.166, 0.042302, 0.016341, -0.015119, 0.046411, 0.0168015, -0.0125593
42.8, -11.1956, -80.6489, -127.273, -13.3747, -76.1473, -109.05, 0.04383, 0.023213, -0.01405, 0.0480238, 0.0237032, -0.0114817
43, -11.6925, -80.5612, -126.542, -12.8729, -76.7582, -109.841, 0.041844, 0.018173, -0.015577, 0.0450846, 0.0185257, -0.0134801
43.2, -11.6633, -80.5028, -126.396, -12.4775, -77.2238, -110.604, 0.042913, 0.017868, -0.015882, 0.045739, 0.0181458, -0.0139873
43.4, -11.8971, -79.9766, -125.46, -12.1779, -77.5322, -111.302, 0.039401, 0.016188, -0.016799, 0.0416694, 0.0163824, -0.0152208
43.6, -10.6402, -78.3981, -127.36, -11.7278, -77.3079, -112.311, 0.044135, 0.020006, -0.012523, 0.0473434, 0.0204086, -0.0104644
43.8, -10.7279, -78.1935, -127.01, -11.3559, -77.1929, -113.152, 0.037874, 0.017715, -0.016799, 0.0406175, 0.0180374, -0.0150039
44, -10.874, -77.6966, -127.682, -11.0617, -76.9418, -114.039, 0.04215, 0.018173, -0.018479, 0.0444313, 0.0184132, -0.0168557
44.2, -10.6109, -76.5273, -129.787, -10.7608, -76.4403, -115.082, 0.041081, 0.018937, -0.018479, 0.0436456, 0.0192187, -0.0167015
44.4, -10.5525, -74.0427, -131.014, -10.4909, -75.4421, -116.338, 0.041233, 0.018784, -0.01909, 0.0438221, 0.019099, -0.0172708
44.6, -10.4648, -69.9503, -131.365, -10.2384, -73.741, -117.826, 0.041692, 0.018326, -0.016493, 0.0442986, 0.0187034, -0.0146908
44.8, -10.1432, -66.0918, -132.768, -9.9877, -71.5211, -119.486, 0.042913, 0.020159, -0.013897, 0.0457648, 0.0206138, -0.0119703
45, -11.254, -60.0994, -133.674, -9.94124, -68.4065, -121.398, 0.044135, 0.023518, -0.020311, 0.046267, 0.0238727, -0.0186519
45.2, -10.7279, -53.7854, -137.27, -9.74053, -64.4015, -123.636, 0.042913, 0.015119, -0.018937, 0.045886, 0.0157035, -0.0168546
45.4, -11.6048, -44.8407, -146.536, -9.82031, -58.69, -126.588, 0.039859, 0.017715, -0.016799, 0.0436871, 0.0183795, -0.0140096
45.6, -12.4525, -27.9158, -158.258, -10.008, -49.3236, -130.566, 0.038637, 0.018173, -0.01741, 0.0442393, 0.0192125, -0.0133391
45.8, -12.5402, -6.89857, -176.206, -10.2003, -35.5773, -135.202, 0.040317, 0.01405, -0.016799, 0.0492014, 0.0156972, -0.0105581
46, -15.9602, 18.2403, -205.846, -11.1647, -16.5044, -139.989, 0.041386, 0.016952, -0.020922, 0.0532167, 0.0188423, -0.0121531
46.2, -19.5265, 38.4975, -235.545, -12.9699, 4.47354, -144.139, 0.03879, 0.019395, -0.016646, 0.0534575, 0.0213712, -0.00561914
46.4, -24.145, 132.271, -264.806, -15.4708, 53.8362, -140.752, 0.043677, 0.01573, -0.019395, 0.0681072, 0.0199725, -0.00179813
46.6, -28.5004, 294.855, -306.372, -20.0194, 145.189, -109.386, 0.039859, 0.024893, -0.016035, 0.0875466, 0.0337162, 0.0156171
46.8, -43.0284, 426.893, -385.063, -33.4594, 239.128, -71.6883, 0.041081, 0.018173, -0.015577, 0.115156, 0.0306556, 0.0320951
47, -81.4674, 610.64, -549.05, -66.535, 349.051, -32.7287, 0.042455, 0.021228, -0.020617, 0.159445, 0.039672, 0.054429
47.2, -159.456, 957.819, -857.469, -134.588, 533.322, 46.1753, 0.036041, 0.015119, -0.018173, 0.237744, 0.0461752, 0.111024
47.4, -50.7746, 614.089, -458.93, -91.2694, 483.698, -86.4198, 0.039095, 0.018631, -0.014661, 0.165827, 0.0389956, 0.0540338
47.6, -9.2663, 237.767, -224.847, -58.8035, 378.56, -203.353, 0.0478, 0.018479, -0.013744, 0.0761203, 0.0215309, -0.00396226
47.8, -7.62935, 55.4516, -145.25, -44.1984, 284.506, -262.194, 0.041539, 0.022907, -0.015577, 0.0195073, 0.0168587, -0.0339731
48, -6.89857, -1.4031, -129.085, -36.2426, 211.522, -281.479, 0.037263, 0.015119, -0.018021, 0.00496321, 0.00786748, -0.0420735
48.2, -8.2432, -35.2529, -127.682, -31.4462, 149.329, -280.557, 0.040164, 0.019548, -0.01573, 0.00703433, 0.0124385, -0.0399402
48.4, -8.97399, -60.5963, -126.25, -27.6561, 94.9225, -267.907, 0.03711, 0.018479, -0.019548, 0.0066072, 0.0121114, -0.0418034
48.6, -9.70477, -70.1257, -128.413, -24.5457, 50.3768, -250.308, 0.040317, 0.019395, -0.021838, 0.0150528, 0.0143042, -0.0404081
48.8, -10.6109, -78.8074, -130.254, -21.8946, 13.9152, -231.845, 0.040164, 0.014203, -0.012675, 0.0194545, 0.0101434, -0.0279951
49, -10.6109, -79.3628, -130.43, -19.6349, -13.5262, -215.269, 0.044899, 0.014661, -0.018784, 0.0288879, 0.0117231, -0.0307435
49.2, -10.7279, -78.8951, -130.342, -17.7122, -33.7387, -201.514, 0.041997, 0.022602, -0.017257, 0.0295812, 0.0204769, -0.0267296
49.4, -10.3771, -78.2227, -129.962, -15.8988, -48.2743, -190.496, 0.043219, 0.020159, -0.020311, 0.0334833, 0.0187016, -0.0278253
49.6, -11.1079, -77.1996, -131.482, -14.5467, -58.529, -182.008, 0.03879, 0.01573, -0.014813, 0.0306457, 0.0146035, -0.0210383
49.8, -11.0786, -77.755, -132.125, -13.5141, -65.9735, -175.31, 0.039706, 0.0197, -0.016646, 0.0328795, 0.0188147, -0.0217876
50, -11.0494, -77.2581, -131.131, -12.5857, -71.2179, -169.965, 0.042302, 0.021991, -0.020006, 0.036249, 0.0212922, -0.0244937
50.2, -11.4002, -76.6735, -131.073, -11.8291, -74.8157, -165.736, 0.044288, 0.015882, -0.018326, 0.0386039, 0.0152778, -0.0224091
50.4, -11.2833, -76.7027, -131.394, -11.2828, -77.352, -162.316, 0.047189, 0.01741, -0.017562, 0.0421139, 0.0168854, -0.0211561
50.6, -10.494, -77.4043, -131.657, -10.6865, -79.3157, -159.443, 0.041997, 0.015882, -0.018326, 0.0378553, 0.0155178, -0.0213778
50.8, -10.8156, -76.8781, -132.388, -10.2673, -80.4402, -157.208, 0.043371, 0.022144, -0.012828, 0.0392853, 0.0217483, -0.0156888
51, -11.4586, -76.9658, -131.657, -9.98758, -81.2433, -155.245, 0.040317, 0.016035, -0.016188, 0.0358027, 0.0155662, -0.0191416
51.2, -11.4586, -77.3166, -131.979, -9.81849, -81.7923, -153.569, 0.041386, 0.022144, -0.016646, 0.0370495, 0.021648, -0.0194213
51.4, -11.0786, -77.0243, -131.891, -9.53857, -82.0738, -152.144, 0.040012, 0.018784, -0.015424, 0.0360835, 0.0183883, -0.0179684
51.6, -10.7571, -77.5212, -131.19, -9.30329, -82.3711, -150.781, 0.04444, 0.022602, -0.021991, 0.0406156, 0.0222012, -0.0244073
51.8, -9.14937, -78.6904, -129.904, -8.74487, -82.9543, -149.327, 0.043219, 0.021228, -0.014966, 0.0402718, 0.0210123, -0.0170921
52, -10.0555, -78.4274, -131.014, -8.50467, -83.1866, -148.179, 0.046426, 0.020464, -0.020769, 0.0429281, 0.0201, -0.022945
52.2, -9.06168, -77.7843, -130.751, -8.10723, -83.1971, -147.203, 0.041539, 0.018937, -0.024893, 0.0388148, 0.0187274, -0.02673
