167.369 ,5.25063e-10 ,0.000793528, 0.25
167.326 ,7.8463e-10 ,0.000261093, 0.25
98.5598 ,3.40485e-06 ,6.47956e-08, 0.25
80.1977 ,0.00150967 ,1.49183e-06, 0.25
80.1977 ,4.59795e-05 ,1.50276e-06, 0.25
80.1977 ,0.0602553 ,1.6701e-10, 0.25
96.9193 ,1.02417e-06 ,3.0924e-08, 0.25
98.7569 ,2.37669e-09 ,4.0834e-06, 0.25
80.1977 ,0.0370499 ,9.83491e-09, 0.25
65.9992 ,1.20418e-05 ,4.65702e-05, 0.25
167.853 ,2.26549e-10 ,0.000342761, 0.25
80.1977 ,0.00143564 ,8.37776e-07, 0.25
167.99 ,4.10214e-10 ,0.00679975, 0.25
167.277 ,1.21114e-09 ,0.00134796, 0.25
67.0617 ,0.00106488 ,0.00460354, 0.25
120.727 ,0.0123749 ,0.015492, 0.25
151.407 ,2.53e-06 ,5.13709e-06, 0.25
130.88 ,1.71493e-09 ,0.000132759, 0.25
80.1977 ,0.000961256 ,1.28966e-08, 0.25
117.956 ,1.26787e-07 ,0.000101672, 0.25
99.7513 ,9.72712e-09 ,1.82035e-09, 0.25
98.2272 ,3.24259e-10 ,3.05263e-08, 0.25
97.5885 ,3.8572e-08 ,5.49325e-06, 0.25
167.999 ,3.02026e-08 ,0.0186199, 0.25
80.1977 ,0.000902704 ,8.93379e-08, 0.25
81.1637 ,0.00138663 ,0.00817984, 0.25
80.1977 ,0.0447789 ,3.96753e-06, 0.25
80.1977 ,0.00609789 ,0.000627218, 0.25
81.3884 ,4.57291e-05 ,0.00444247, 0.25
96.4377 ,4.1906e-08 ,3.73894e-06, 0.25
80.1977 ,0.00076245 ,1.84424e-10, 0.25
53.081 ,4.54355e-06 ,5.2462e-10, 0.25
80.1977 ,0.0272773 ,1.98054e-05, 0.25
167.522 ,6.8339e-09 ,0.0410917, 0.25
166.79 ,1.31781e-07 ,0.00632296, 0.25
119.334 ,1.24146e-06 ,3.82033e-10, 0.25
67.0617 ,0.00634969 ,0.0290434, 0.25
80.1977 ,0.000530123 ,6.19443e-07, 0.25
80.1977 ,0.00524078 ,7.22252e-06, 0.25
166.358 ,1.40486e-10 ,0.00534706, 0.25
80.1977 ,0.000289974 ,7.5817e-08, 0.25
80.1977 ,0.000602905 ,8.26098e-10, 0.25
98.2536 ,5.70923e-10 ,1.78834e-08, 0.25
80.1977 ,0.0112175 ,1.00242e-06, 0.25
80.1977 ,0.00286195 ,8.00636e-07, 0.25
63.2374 ,7.2779e-07 ,0.000210467, 0.25
117.738 ,1.0912e-10 ,9.97335e-05, 0.25
80.1977 ,0.000561057 ,6.29184e-06, 0.25
98.4662 ,1.50085e-09 ,3.26277e-06, 0.25
166.427 ,1.2235e-07 ,0.00397572, 0.25
132.788 ,1.23236e-05 ,2.40888e-08, 0.25
98.6627 ,2.65236e-09 ,5.75384e-08, 0.25
99.5801 ,1.64592e-09 ,7.77588e-06, 0.25
80.1977 ,0.0202372 ,6.65063e-08, 0.25
80.1977 ,0.034163 ,1.15418e-06, 0.25
80.1977 ,0.000260719 ,9.65434e-06, 0.25
80.1977 ,0.00106414 ,6.55831e-09, 0.25
80.1977 ,0.0358815 ,6.92204e-10, 0.25
98.2134 ,3.10421e-10 ,9.09185e-09, 0.25
80.1977 ,0.0377422 ,1.04853e-07, 0.25
98.4132 ,6.63639e-10 ,2.67261e-10, 0.25
80.1977 ,0.0566455 ,0.00546254, 0.25
167.286 ,2.34956e-06 ,0.0155814, 0.25
82.341 ,6.86265e-07 ,1.23705e-09, 0.25
66.759 ,1.53859e-05 ,0.00151003, 0.25
124.287 ,1.12751e-10 ,0.000114794, 0.25
168.057 ,1.12847e-10 ,0.0142038, 0.25
88.9844 ,1.8286e-07 ,9.81574e-07, 0.25
96.5 ,4.1373e-08 ,6.62086e-06, 0.25
100.68 ,3.84268e-10 ,2.47075e-05, 0.25
98.4803 ,1.24968e-09 ,6.79045e-08, 0.25
80.1977 ,0.00704121 ,0.000734103, 0.25
149.45 ,2.01121e-08 ,0.000167648, 0.25
96.3696 ,9.84842e-07 ,2.20901e-06, 0.25
80.1977 ,4.16276e-05 ,1.49683e-07, 0.25
80.1977 ,0.000583774 ,4.26803e-05, 0.25
103.488 ,6.27952e-05 ,7.89982e-05, 0.25
92.2573 ,5.71696e-08 ,1.28178e-07, 0.25
97.2137 ,4.26432e-07 ,1.27564e-10, 0.25
80.1977 ,5.0437e-05 ,3.98116e-09, 0.25
84.3855 ,4.2129e-06 ,8.41233e-06, 0.25
166.645 ,2.86009e-07 ,0.00056315, 0.25
80.1977 ,0.00706548 ,9.7299e-07, 0.25
77.4113 ,2.03465e-06 ,1.27564e-10, 0.25
98.6011 ,3.01501e-08 ,7.41446e-09, 0.25
98.3459 ,8.27692e-10 ,5.70634e-08, 0.25
99.669 ,1.61656e-08 ,6.60227e-07, 0.25
61.0597 ,1.11634e-05 ,6.81311e-08, 0.25
90.1637 ,1.5523e-06 ,2.11404e-07, 0.25
90.3318 ,2.01727e-07 ,4.7441e-10, 0.25
166.618 ,6.96718e-08 ,0.0138593, 0.25
105.994 ,5.67502e-05 ,0.00342848, 0.25
165.585 ,1.17957e-07 ,0.00699318, 0.25
98.27 ,4.59978e-10 ,6.13486e-09, 0.25
92.1451 ,7.67991e-07 ,3.29017e-07, 0.25
98.3598 ,3.69678e-10 ,1.53016e-10, 0.25
81.6281 ,0.00861302 ,0.0775436, 0.25
143.393 ,2.55143e-08 ,0.000158357, 0.25
80.1977 ,0.000944962 ,1.6945e-05, 0.25
167.733 ,7.67679e-08 ,0.00110149, 0.25
80.1977 ,0.000110425 ,1.33873e-09, 0.25
80.1977 ,0.000329804 ,3.41733e-07, 0.25
80.1977 ,0.00625509 ,9.70821e-09, 0.25
80.1977 ,0.000155218 ,3.95118e-08, 0.25
80.1977 ,0.000169766 ,4.10397e-08, 0.25
80.1977 ,6.17576e-05 ,2.901e-06, 0.25
157.929 ,2.77052e-09 ,0.000197116, 0.25
80.1977 ,0.0249252 ,6.63279e-08, 0.25
71.338 ,0.00489883 ,0.000813452, 0.25
80.1977 ,0.00076276 ,1.63835e-05, 0.25
80.0881 ,1.40945e-07 ,6.68171e-06, 0.25
67.0638 ,4.26496e-05 ,0.000212789, 0.25
98.2526 ,1.01158e-10 ,3.01277e-09, 0.25
99.0595 ,5.56242e-09 ,3.59145e-08, 0.25
167.595 ,9.8427e-08 ,0.00121058, 0.25
98.6662 ,2.93489e-08 ,5.33901e-10, 0.25
98.4213 ,1.4412e-09 ,8.66572e-09, 0.25
80.1977 ,0.0111476 ,2.66903e-09, 0.25
80.1977 ,0.000203002 ,3.58286e-08, 0.25
168.19 ,4.5368e-07 ,0.0305256, 0.25
80.1977 ,5.48176e-05 ,9.69301e-08, 0.25
80.1977 ,0.00798733 ,2.51e-07, 0.25
80.1977 ,0.0727783 ,8.35191e-10, 0.25
103.439 ,4.7673e-09 ,3.62713e-05, 0.25
80.1977 ,0.00144916 ,1.95742e-09, 0.25
168.392 ,3.8266e-08 ,0.0834546, 0.25
74.4245 ,0.0176968 ,0.0066578, 0.25
167.628 ,1.86374e-08 ,0.0228333, 0.25
81.0284 ,1.49981e-07 ,1.25187e-06, 0.25
83.5701 ,1.01516e-07 ,2.81736e-07, 0.25
80.1977 ,0.0302162 ,4.00204e-05, 0.25
80.1977 ,0.00180063 ,9.79956e-09, 0.25
98.8213 ,3.38136e-09 ,7.10197e-08, 0.25
114.502 ,7.16773e-05 ,0.0008281, 0.25
99.5127 ,3.1787e-10 ,1.35723e-05, 0.25
168.03 ,9.83622e-09 ,0.0478959, 0.25
80.1977 ,0.000314728 ,6.67919e-06, 0.25
81.4248 ,1.41328e-07 ,9.03161e-07, 0.25
95.0254 ,7.69195e-08 ,2.81522e-05, 0.25
120.398 ,3.03034e-06 ,4.8617e-08, 0.25
80.1977 ,0.0205794 ,0.00102227, 0.25
91.0735 ,6.27772e-08 ,3.0182e-10, 0.25
98.8674 ,1.90544e-09 ,1.3691e-06, 0.25
80.1977 ,0.0431782 ,0.00119929, 0.25
101.046 ,1.16209e-05 ,1.81718e-09, 0.25
167.275 ,7.40326e-09 ,0.00258372, 0.25
76.378 ,0.0963369 ,0.0452157, 0.25
168.129 ,1.28045e-07 ,0.0906094, 0.25
98.2488 ,6.39095e-10 ,4.3543e-08, 0.25
167.72 ,1.25461e-08 ,0.000905408, 0.25
80.1977 ,0.00140629 ,1.18004e-05, 0.25
84.2663 ,0.0249076 ,0.00546156, 0.25
120.012 ,1.90153e-05 ,0.000576363, 0.25
95.2817 ,4.45892e-08 ,5.15839e-10, 0.25
98.2397 ,3.56356e-10 ,7.09053e-09, 0.25
80.1977 ,0.00688301 ,3.49078e-06, 0.25
80.1977 ,0.000848388 ,5.51852e-07, 0.25
88.3826 ,2.10182e-07 ,1.20529e-06, 0.25
109.146 ,0.00013185 ,0.000228415, 0.25
98.4434 ,8.84901e-07 ,1.57585e-09, 0.25
167.19 ,2.00234e-05 ,0.033864, 0.25
80.1977 ,0.0346575 ,4.18615e-08, 0.25
72.2241 ,1.04407e-06 ,4.9993e-05, 0.25
98.2756 ,6.28647e-10 ,5.24437e-08, 0.25
92.6617 ,1.05473e-05 ,1.55177e-08, 0.25
81.6281 ,0.00100949 ,0.00703915, 0.25
80.1977 ,0.0165474 ,3.78161e-06, 0.25
80.1977 ,3.23906e-05 ,5.49753e-07, 0.25
114.621 ,9.825e-10 ,9.12054e-05, 0.25
81.6281 ,0.00404069 ,0.0320488, 0.25
80.1977 ,0.0298827 ,4.18163e-09, 0.25
71.338 ,0.0412493 ,0.00714927, 0.25
166.042 ,1.42312e-10 ,0.00595932, 0.25
167.355 ,2.30516e-10 ,0.0112916, 0.25
111.552 ,6.1117e-05 ,0.000140039, 0.25
167.226 ,8.19267e-06 ,0.0387416, 0.25
98.7196 ,3.08402e-09 ,1.34048e-07, 0.25
77.6117 ,2.446e-05 ,5.9032e-08, 0.25
54.8556 ,4.7043e-06 ,1.39018e-09, 0.25
80.1977 ,0.0698515 ,3.95251e-10, 0.25
88.986 ,3.88517e-05 ,5.70653e-05, 0.25
60.1913 ,4.25122e-05 ,3.87177e-05, 0.25
98.6361 ,2.33797e-09 ,6.32549e-08, 0.25
95.586 ,4.38445e-08 ,1.46353e-06, 0.25
80.1977 ,0.000233206 ,4.51183e-10, 0.25
80.1977 ,0.0299803 ,0.00162953, 0.25
66.9045 ,0.0131065 ,0.00785674, 0.25
114.502 ,0.000164884 ,0.00170861, 0.25
80.1977 ,0.009693 ,4.3794e-07, 0.25
86.1883 ,1.04508e-05 ,1.21363e-06, 0.25
86.2404 ,8.53215e-07 ,9.63317e-07, 0.25
99.3208 ,1.61245e-08 ,2.81208e-08, 0.25
92.489 ,3.31282e-07 ,1.48725e-07, 0.25
80.1977 ,0.050476 ,6.11834e-05, 0.25
80.1977 ,0.00976958 ,0.000151205, 0.25
80.1977 ,0.00942729 ,1.37075e-08, 0.25
74.797 ,0.0150116 ,0.00181028, 0.25
167.454 ,3.20548e-08 ,0.00564658, 0.25
107.817 ,4.15819e-06 ,0.000286239, 0.25
106.776 ,1.08489e-06 ,6.14312e-09, 0.25
110.449 ,6.49832e-06 ,1.26144e-09, 0.25
100.265 ,1.43121e-10 ,2.06034e-05, 0.25
165.985 ,5.1242e-08 ,0.048782, 0.25
80.1977 ,0.000273937 ,2.13124e-07, 0.25
74.2115 ,1.55377e-05 ,1.57022e-08, 0.25
131.008 ,6.81285e-07 ,0.000106139, 0.25
109.969 ,2.68786e-06 ,0.000218173, 0.25
168.048 ,3.612e-10 ,0.0489386, 0.25
167.936 ,2.95639e-06 ,0.033169, 0.25
114.502 ,0.00180371 ,0.0254311, 0.25
118.44 ,2.99024e-06 ,5.83966e-06, 0.25
98.8246 ,2.78864e-08 ,1.86874e-08, 0.25
80.1977 ,0.000231452 ,1.0329e-09, 0.25
99.4624 ,1.21018e-08 ,4.47147e-09, 0.25
80.1977 ,0.000181912 ,2.71808e-09, 0.25
99.6292 ,9.99918e-07 ,2.18976e-09, 0.25
114.502 ,0.000595157 ,0.00942321, 0.25
98.3735 ,1.29367e-09 ,1.55536e-08, 0.25
168.819 ,9.28091e-09 ,0.0889275, 0.25
74.3785 ,2.08701e-05 ,2.28626e-10, 0.25
167.951 ,1.19429e-10 ,0.0200405, 0.25
76.378 ,0.0282068 ,0.0139285, 0.25
98.2841 ,3.99245e-10 ,4.40303e-09, 0.25
166.524 ,2.7414e-09 ,0.00225643, 0.25
167.214 ,4.70526e-08 ,0.00648115, 0.25
166.437 ,3.33306e-05 ,0.0982506, 0.25
123.739 ,2.34358e-08 ,0.00011223, 0.25
98.2478 ,5.95161e-10 ,1.61716e-07, 0.25
168.782 ,1.24832e-06 ,0.0829195, 0.25
80.1977 ,5.40604e-05 ,2.14386e-09, 0.25
116.881 ,5.83753e-05 ,0.00873443, 0.25
168.198 ,3.74391e-09 ,0.000367568, 0.25
111.565 ,8.84482e-07 ,8.10499e-10, 0.25
111.197 ,1.68633e-05 ,3.58287e-05, 0.25
80.1977 ,0.0221849 ,1.46569e-10, 0.25
167.675 ,1.04924e-05 ,0.0398438, 0.25
99.0335 ,4.99149e-09 ,5.40743e-08, 0.25
114.502 ,0.000827557 ,0.0130764, 0.25
166.331 ,1.04666e-08 ,0.0120201, 0.25
105.443 ,1.63376e-06 ,0.000619746, 0.25
77.2829 ,0.000516186 ,0.000160634, 0.25
167.796 ,2.66996e-08 ,0.0401092, 0.25
167.494 ,9.75476e-10 ,0.000281134, 0.25
99.6744 ,7.66208e-09 ,1.91603e-10, 0.25
167.589 ,9.5855e-10 ,0.0567479, 0.25
101.866 ,3.97161e-07 ,2.19766e-09, 0.25
92.2588 ,5.86481e-08 ,4.33448e-09, 0.25
80.4261 ,1.27872e-07 ,8.77185e-08, 0.25
116.856 ,3.78837e-06 ,0.00263779, 0.25
80.1977 ,0.00471806 ,7.10758e-07, 0.25
167.162 ,2.18413e-08 ,0.00338133, 0.25
101.027 ,4.93369e-07 ,2.10144e-08, 0.25
98.6171 ,2.74483e-09 ,2.06288e-08, 0.25
80.1977 ,0.00202183 ,1.24817e-08, 0.25
98.6505 ,2.66894e-09 ,5.34415e-08, 0.25
80.1977 ,0.000411029 ,2.37016e-08, 0.25
98.0893 ,3.71617e-05 ,0.00333517, 0.25
75.7749 ,7.25015e-06 ,1.95952e-05, 0.25
70.4772 ,1.3021e-05 ,1.8115e-09, 0.25
80.1977 ,0.014161 ,0.000293007, 0.25
168.22 ,4.39199e-07 ,0.0674824, 0.25
166.73 ,8.25766e-09 ,0.00183391, 0.25
81.6281 ,0.00274181 ,0.0236229, 0.25
98.431 ,1.02331e-10 ,1.99574e-07, 0.25
94.7279 ,5.01628e-08 ,7.58101e-06, 0.25
80.1977 ,0.00123859 ,5.91402e-09, 0.25
81.5937 ,5.96941e-07 ,1.27452e-09, 0.25
80.1977 ,0.0717964 ,2.65977e-06, 0.25
98.4606 ,1.49547e-09 ,6.2052e-09, 0.25
114.502 ,0.00138984 ,0.0164956, 0.25
67.0617 ,0.000430797 ,0.00203308, 0.25
167.846 ,1.48526e-09 ,0.0493432, 0.25
90.2702 ,1.84546e-07 ,1.25417e-06, 0.25
98.7675 ,2.38353e-09 ,3.24686e-10, 0.25
80.1977 ,0.00143092 ,1.60105e-08, 0.25
80.1977 ,0.000117183 ,1.76303e-08, 0.25
63.5401 ,1.47946e-05 ,6.34566e-05, 0.25
99.26 ,2.90077e-07 ,1.0752e-08, 0.25
99.334 ,2.38688e-08 ,6.26524e-10, 0.25
84.2663 ,0.0609129 ,0.0128474, 0.25
109.026 ,0.00717728 ,0.0105036, 0.25
167.884 ,1.77323e-09 ,0.0336742, 0.25
101.068 ,1.8295e-05 ,2.05725e-05, 0.25
167.598 ,1.37339e-09 ,0.0125078, 0.25
95.5106 ,2.56113e-07 ,6.59414e-07, 0.25
100.791 ,9.71826e-07 ,2.62355e-05, 0.25
80.1977 ,0.000139601 ,2.46848e-08, 0.25
80.1977 ,0.0553431 ,1.50796e-06, 0.25
95.1511 ,3.80182e-06 ,8.22596e-09, 0.25
80.1977 ,0.000335354 ,4.17004e-09, 0.25
96.2118 ,4.11132e-08 ,3.25703e-10, 0.25
98.3188 ,3.89171e-10 ,2.35021e-09, 0.25
114.502 ,0.000462141 ,0.00561477, 0.25
96.096 ,4.25495e-08 ,1.07968e-07, 0.25
73.4809 ,0.00195545 ,0.00114764, 0.25
98.002 ,1.0691e-10 ,4.18259e-07, 0.25
80.1977 ,0.018515 ,1.61647e-06, 0.25
109.89 ,1.44067e-06 ,3.47373e-07, 0.25
114.502 ,0.000262143 ,0.00400639, 0.25
92.1612 ,2.49645e-06 ,2.40351e-09, 0.25
80.1977 ,0.0132512 ,3.57928e-08, 0.25
98.1861 ,1.09657e-10 ,5.87514e-07, 0.25
80.1977 ,0.000161133 ,2.42453e-09, 0.25
112.513 ,2.08167e-06 ,1.32556e-09, 0.25
80.1977 ,0.000375538 ,3.35346e-06, 0.25
168.145 ,1.46833e-10 ,0.0288777, 0.25
111.533 ,0.003946 ,0.00740625, 0.25
166.453 ,1.95823e-05 ,0.0386266, 0.25
98.5939 ,4.0119e-10 ,1.57402e-06, 0.25
87.7172 ,6.80192e-07 ,4.41384e-08, 0.25
80.1977 ,0.000219217 ,3.18016e-08, 0.25
80.1977 ,0.0180254 ,1.00215e-09, 0.25
61.7441 ,0.00228578 ,0.00166811, 0.25
110.133 ,1.554e-06 ,1.9458e-07, 0.25
80.1977 ,0.00068371 ,8.39028e-10, 0.25
108.802 ,3.99505e-08 ,6.17062e-05, 0.25
106.103 ,6.12787e-06 ,5.42488e-09, 0.25
98.3488 ,3.08309e-10 ,1.26862e-10, 0.25
75.9038 ,1.61301e-06 ,5.1943e-06, 0.25
118.306 ,1.09018e-05 ,0.00017313, 0.25
167.672 ,1.62971e-10 ,0.0535815, 0.25
54.1362 ,4.75287e-06 ,1.13254e-10, 0.25
80.1977 ,4.64327e-05 ,6.40649e-09, 0.25
80.1977 ,0.0043231 ,6.95049e-05, 0.25
80.1977 ,0.000677399 ,4.13841e-07, 0.25
86.317 ,2.47105e-05 ,8.74226e-07, 0.25
168.047 ,1.28734e-07 ,0.021361, 0.25
168.351 ,9.84507e-09 ,0.0482904, 0.25
80.1977 ,0.0583645 ,0.000106253, 0.25
61.395 ,4.34473e-06 ,1.17185e-10, 0.25
167.707 ,6.7899e-09 ,0.0379067, 0.25
98.3362 ,2.38231e-07 ,4.94034e-10, 0.25
168.412 ,4.37397e-06 ,0.0415598, 0.25
168.443 ,5.35116e-10 ,0.0276417, 0.25
109.976 ,6.38023e-06 ,4.30805e-05, 0.25
80.1977 ,0.00483582 ,0.000536315, 0.25
80.1977 ,3.75828e-05 ,3.26932e-10, 0.25
90.7796 ,1.94558e-07 ,2.14436e-10, 0.25
80.1977 ,0.0446517 ,4.23438e-05, 0.25
168.224 ,9.83602e-08 ,0.0794675, 0.25
147.016 ,2.19234e-06 ,9.15774e-08, 0.25
80.1977 ,6.0732e-05 ,3.15315e-06, 0.25
80.7142 ,1.24483e-07 ,1.04711e-06, 0.25
88.8308 ,7.17593e-08 ,8.79948e-10, 0.25
81.6281 ,0.00051653 ,0.00390359, 0.25
162.653 ,1.95836e-07 ,0.00021334, 0.25
101.324 ,1.3816e-08 ,2.08478e-05, 0.25
141.284 ,5.78419e-08 ,0.000155706, 0.25
99.6998 ,8.26219e-09 ,2.58142e-09, 0.25
80.1977 ,0.0987525 ,2.88301e-05, 0.25
99.8261 ,1.67828e-08 ,3.53268e-10, 0.25
99.7681 ,1.38609e-08 ,1.76312e-07, 0.25
92.8445 ,5.53269e-08 ,3.04332e-08, 0.25
166.115 ,7.12178e-06 ,0.0217615, 0.25
99.0479 ,5.11583e-07 ,2.37649e-06, 0.25
167.674 ,5.32885e-10 ,0.0424081, 0.25
167.682 ,1.62068e-07 ,0.0644839, 0.25
94.2887 ,5.00562e-07 ,1.3308e-10, 0.25
166.243 ,1.08756e-06 ,0.00598457, 0.25
80.1977 ,0.000205648 ,7.5887e-09, 0.25
101.978 ,3.76267e-07 ,1.04775e-10, 0.25
131.906 ,1.86885e-06 ,2.62159e-08, 0.25
167.285 ,2.29736e-09 ,0.000376712, 0.25
165.907 ,1.12677e-06 ,0.00480678, 0.25
167.358 ,2.13738e-09 ,0.00110044, 0.25
80.1977 ,0.000173964 ,1.69948e-09, 0.25
98.2866 ,3.05333e-10 ,1.71325e-07, 0.25
90.022 ,1.20226e-05 ,0.000166743, 0.25
99.6683 ,1.94673e-08 ,1.31383e-09, 0.25
80.1977 ,0.00540028 ,2.34708e-06, 0.25
167.601 ,2.93585e-07 ,0.0100328, 0.25
132.346 ,2.32203e-08 ,0.000131913, 0.25
80.1977 ,0.0695992 ,2.44475e-08, 0.25
81.7 ,1.10022e-07 ,1.99921e-06, 0.25
74.3108 ,2.06691e-05 ,6.19772e-07, 0.25
80.1977 ,0.00891197 ,6.00608e-06, 0.25
80.1977 ,0.0346819 ,4.02872e-05, 0.25
167.879 ,1.11109e-06 ,0.0696051, 0.25
167.643 ,5.48205e-08 ,0.000793747, 0.25
80.1977 ,0.000286284 ,2.18598e-08, 0.25
80.1977 ,0.0127758 ,1.7899e-06, 0.25
80.1977 ,0.000509502 ,3.46889e-05, 0.25
80.1977 ,0.00533983 ,1.79069e-07, 0.25
98.3896 ,5.58624e-10 ,4.24716e-10, 0.25
65.5715 ,3.0586e-05 ,2.38254e-05, 0.25
80.1977 ,0.000327381 ,2.79274e-08, 0.25
166.65 ,5.69547e-09 ,0.00189584, 0.25
80.1977 ,0.000549135 ,7.95403e-10, 0.25
98.9582 ,3.29539e-09 ,2.6077e-10, 0.25
98.4719 ,2.88961e-08 ,7.15427e-07, 0.25
98.3516 ,9.99553e-10 ,7.64618e-09, 0.25
112.11 ,9.08136e-05 ,0.00696215, 0.25
121.216 ,0.000253866 ,0.0336295, 0.25
80.1977 ,0.00488035 ,9.46515e-10, 0.25
80.1977 ,0.0023736 ,1.09837e-06, 0.25
80.1977 ,0.000303937 ,2.53047e-05, 0.25
167.832 ,1.19725e-09 ,0.00105348, 0.25
114.502 ,0.00355274 ,0.0526722, 0.25
167.481 ,1.61995e-07 ,0.00912122, 0.25
132.22 ,5.79792e-06 ,0.000197506, 0.25
99.4233 ,2.24861e-08 ,8.42567e-10, 0.25
168.461 ,1.6625e-09 ,0.0797477, 0.25
99.6034 ,9.02014e-09 ,9.16045e-08, 0.25
88.5762 ,3.6378e-06 ,2.05026e-08, 0.25
80.1977 ,5.6461e-05 ,1.52247e-06, 0.25
122.808 ,3.44982e-06 ,7.95717e-10, 0.25
98.8705 ,4.46236e-10 ,6.9039e-06, 0.25
67.0214 ,0.000939809 ,0.00325993, 0.25
80.1977 ,7.16846e-05 ,6.63196e-08, 0.25
167.569 ,9.46965e-09 ,0.000615817, 0.25
61.7441 ,0.084935 ,0.0638174, 0.25
96.3947 ,2.69216e-07 ,6.39685e-08, 0.25
80.1977 ,0.0041147 ,3.03177e-10, 0.25
99.5475 ,1.52368e-08 ,3.43243e-06, 0.25
66.7258 ,0.00166799 ,0.00601113, 0.25
166.637 ,1.47271e-06 ,0.0718399, 0.25
98.7526 ,3.47945e-09 ,2.46554e-08, 0.25
168.298 ,3.55753e-09 ,0.00104575, 0.25
105.102 ,3.72562e-08 ,4.3168e-05, 0.25
80.1977 ,0.00871371 ,1.72569e-06, 0.25
71.338 ,0.000239756 ,4.3456e-05, 0.25
168.675 ,6.8335e-09 ,0.0284861, 0.25
166.051 ,1.25165e-09 ,0.0102833, 0.25
81.6281 ,0.0028877 ,0.0204854, 0.25
80.1977 ,0.0387339 ,2.15295e-09, 0.25
105.238 ,8.15385e-10 ,4.96302e-05, 0.25
167.352 ,1.21749e-09 ,0.00175009, 0.25
98.2748 ,1.01285e-10 ,1.84249e-09, 0.25
119.826 ,1.23784e-06 ,2.41137e-09, 0.25
168.026 ,1.38077e-10 ,0.0369307, 0.25
118.567 ,3.67721e-06 ,2.81093e-05, 0.25
55.4834 ,4.95704e-06 ,6.76095e-10, 0.25
80.1977 ,0.0135438 ,1.0514e-09, 0.25
96.0596 ,1.12202e-06 ,5.93138e-10, 0.25
98.8919 ,1.43532e-09 ,2.98361e-06, 0.25
130.225 ,4.11785e-06 ,0.000226209, 0.25
99.4515 ,9.78938e-09 ,1.2997e-08, 0.25
67.0617 ,0.00836822 ,0.0419608, 0.25
98.0345 ,2.23107e-10 ,2.41405e-06, 0.25
66.7258 ,0.0034406 ,0.0125431, 0.25
119.361 ,1.045e-05 ,1.92244e-10, 0.25
98.6223 ,4.23283e-10 ,1.35993e-06, 0.25
98.2632 ,1.38846e-09 ,1.28334e-06, 0.25
80.1977 ,0.000779032 ,7.31376e-07, 0.25
80.1977 ,0.000104708 ,2.56839e-07, 0.25
119.674 ,0.00225733 ,0.0459181, 0.25
98.7378 ,3.94956e-10 ,8.17252e-06, 0.25
167.463 ,2.11396e-09 ,0.00138782, 0.25
99.5239 ,1.66125e-08 ,8.01135e-08, 0.25
98.2475 ,3.54576e-10 ,6.71589e-07, 0.25
166.763 ,5.48837e-07 ,0.00472644, 0.25
104.884 ,2.52008e-07 ,5.24516e-05, 0.25
167.35 ,7.4405e-10 ,0.000325746, 0.25
98.2718 ,1.18024e-10 ,2.15291e-09, 0.25
167.707 ,3.51069e-09 ,0.000382689, 0.25
80.7015 ,1.50768e-07 ,8.90028e-08, 0.25
98.4117 ,6.68234e-10 ,1.77223e-07, 0.25
74.0693 ,2.20101e-05 ,3.03032e-07, 0.25
97.7676 ,2.50889e-07 ,1.00948e-07, 0.25
74.0465 ,9.29432e-07 ,4.82255e-09, 0.25
80.1977 ,0.00099095 ,5.77784e-10, 0.25
166.014 ,1.60597e-06 ,0.0635129, 0.25
80.1977 ,0.0145822 ,5.43315e-08, 0.25
132.271 ,4.67937e-05 ,0.0010146, 0.25
99.1661 ,2.89416e-07 ,7.94788e-09, 0.25
63.5691 ,1.04832e-05 ,0.00338331, 0.25
100.954 ,1.70544e-08 ,1.36032e-05, 0.25
116.632 ,0.000637451 ,0.000973817, 0.25
77.2829 ,0.00198526 ,0.000559, 0.25
167.276 ,1.45782e-10 ,0.00331874, 0.25
80.1977 ,0.000488898 ,1.15877e-08, 0.25
167.061 ,2.08835e-07 ,0.0135344, 0.25
107.234 ,5.5406e-07 ,6.80132e-07, 0.25
116.569 ,3.68221e-06 ,3.59485e-07, 0.25
80.1977 ,0.0289486 ,1.5241e-09, 0.25
167.876 ,1.15489e-08 ,0.00176113, 0.25
129.693 ,1.03863e-05 ,0.00868844, 0.25
85.9796 ,8.98094e-08 ,2.78303e-10, 0.25
167.755 ,2.26744e-10 ,0.000338705, 0.25
168.131 ,4.25131e-09 ,0.0362399, 0.25
80.1977 ,0.0554972 ,5.41122e-07, 0.25
95.1376 ,4.72752e-08 ,3.53037e-08, 0.25
108.12 ,2.37795e-09 ,6.32708e-05, 0.25
166.432 ,4.67296e-07 ,0.000283855, 0.25
80.1977 ,0.000482612 ,6.36317e-07, 0.25
98.2725 ,4.01953e-05 ,0.0193032, 0.25
98.6882 ,2.23117e-09 ,2.25132e-09, 0.25
80.1977 ,0.099486 ,7.34365e-05, 0.25
83.6587 ,2.72909e-06 ,4.33055e-06, 0.25
80.1977 ,0.016381 ,5.99962e-06, 0.25
98.7393 ,2.26721e-09 ,4.54717e-10, 0.25
113.461 ,9.61759e-07 ,7.73437e-08, 0.25
67.1035 ,6.13105e-05 ,0.0001768, 0.25
102.449 ,2.07289e-08 ,2.90725e-05, 0.25
100.439 ,1.21283e-08 ,1.16147e-05, 0.25
80.1977 ,0.076788 ,8.83345e-10, 0.25
98.7427 ,3.34192e-09 ,9.99447e-09, 0.25
80.1977 ,0.0266682 ,1.86389e-06, 0.25
80.1977 ,0.00257362 ,1.00944e-06, 0.25
114.502 ,2.05553e-05 ,0.00027063, 0.25
110.268 ,0.000284218 ,0.000322326, 0.25
80.1977 ,0.00295916 ,7.91041e-10, 0.25
166.772 ,4.97961e-10 ,0.00381216, 0.25
124.513 ,4.09692e-06 ,0.000420935, 0.25
82.9808 ,1.4419e-05 ,9.31582e-06, 0.25
80.1977 ,0.0445654 ,1.97862e-08, 0.25
105.963 ,2.33695e-08 ,5.18488e-05, 0.25
80.1977 ,0.00476862 ,2.13435e-10, 0.25
80.1977 ,0.0335777 ,1.60413e-06, 0.25
80.1977 ,0.00766572 ,0.000715776, 0.25
80.1977 ,0.000232371 ,7.72937e-08, 0.25
83.0138 ,3.00095e-05 ,9.43575e-09, 0.25
166.352 ,3.36403e-09 ,0.000249217, 0.25
98.7319 ,7.14281e-10 ,2.66227e-07, 0.25
80.1977 ,0.0034573 ,2.2056e-06, 0.25
102.066 ,3.65297e-06 ,2.42154e-06, 0.25
87.5547 ,7.74896e-08 ,7.76925e-10, 0.25
71.7553 ,0.000126001 ,6.7635e-05, 0.25
80.1977 ,0.000307365 ,2.0954e-05, 0.25
158.043 ,1.06524e-05 ,0.0089584, 0.25
99.6432 ,1.99421e-08 ,3.31359e-10, 0.25
80.1977 ,0.0948756 ,1.04155e-06, 0.25
80.5703 ,1.34732e-07 ,2.34029e-05, 0.25
101.438 ,0.000162701 ,0.0445709, 0.25
80.1977 ,0.00132606 ,1.27646e-10, 0.25
80.6493 ,4.60975e-07 ,8.05716e-05, 0.25
168.425 ,7.26121e-10 ,0.0720175, 0.25
98.2763 ,2.71358e-10 ,3.44932e-09, 0.25
80.1977 ,0.0795245 ,3.00088e-08, 0.25
80.1977 ,0.000525143 ,2.18572e-06, 0.25
80.1977 ,0.0692437 ,9.57432e-10, 0.25
109.026 ,0.000158952 ,0.000226604, 0.25
167.572 ,1.31494e-08 ,0.00124769, 0.25
114.502 ,8.5832e-05 ,0.00104355, 0.25
99.6969 ,1.32308e-08 ,8.43755e-08, 0.25
166.963 ,1.22826e-07 ,0.00798832, 0.25
108.879 ,0.0398508 ,0.05156, 0.25
98.3558 ,3.30038e-10 ,1.78198e-07, 0.25
80.1977 ,0.00332032 ,1.63334e-06, 0.25
75.3321 ,0.000332914 ,0.00207311, 0.25
67.2925 ,9.54225e-06 ,8.12609e-06, 0.25
101.802 ,4.56485e-07 ,2.03536e-08, 0.25
67.1057 ,0.0183558 ,0.0496201, 0.25
140.735 ,1.71966e-05 ,0.0118036, 0.25
95.8087 ,4.23676e-08 ,1.6653e-10, 0.25
135.009 ,3.54094e-08 ,0.000135949, 0.25
166.716 ,6.2023e-10 ,0.0075422, 0.25
80.1977 ,0.016489 ,0.000439678, 0.25
99.3227 ,5.56877e-09 ,1.68081e-06, 0.25
98.922 ,3.66374e-09 ,1.01205e-07, 0.25
99.2398 ,6.05008e-09 ,9.93034e-08, 0.25
84.608 ,2.4128e-07 ,4.04461e-06, 0.25
80.1977 ,0.000224418 ,9.00696e-10, 0.25
96.4922 ,1.06964e-06 ,4.20911e-06, 0.25
164.769 ,3.56423e-06 ,0.00531255, 0.25
100.119 ,9.30943e-09 ,9.84928e-06, 0.25
80.1977 ,0.031188 ,1.78158e-10, 0.25
80.1977 ,0.00682825 ,9.17221e-06, 0.25
80.1977 ,0.0610465 ,2.09565e-10, 0.25
80.1977 ,0.000652103 ,8.37516e-07, 0.25
167.454 ,6.12271e-10 ,0.00101558, 0.25
167.993 ,1.00497e-07 ,0.00935732, 0.25
65.0538 ,5.63642e-06 ,0.0016986, 0.25
67.0617 ,0.000103765 ,0.000427236, 0.25
74.4836 ,5.32648e-07 ,0.000149925, 0.25
81.3934 ,3.80438e-06 ,8.73604e-09, 0.25
168.106 ,4.72501e-09 ,0.0888955, 0.25
110.268 ,0.0071285 ,0.00792437, 0.25
80.1977 ,0.000966276 ,8.10057e-07, 0.25
77.2829 ,0.066221 ,0.0165919, 0.25
92.3525 ,9.97756e-07 ,8.87915e-07, 0.25
102.016 ,0.00014014 ,0.0214626, 0.25
76.9434 ,1.53701e-05 ,1.87672e-06, 0.25
97.8657 ,3.7077e-08 ,7.29683e-06, 0.25
80.1977 ,0.00148963 ,2.62543e-09, 0.25
80.1977 ,0.0774172 ,6.85368e-09, 0.25
67.0617 ,0.00982414 ,0.0443333, 0.25
98.3326 ,1.78889e-09 ,4.21589e-07, 0.25
167.856 ,1.41705e-10 ,0.0257292, 0.25
98.6596 ,1.48351e-09 ,2.07501e-07, 0.25
143.308 ,3.81647e-05 ,0.000982108, 0.25
143.519 ,7.29619e-06 ,0.000334821, 0.25
80.1977 ,0.00833415 ,7.46098e-06, 0.25
167.962 ,1.29928e-07 ,0.0242403, 0.25
99.9127 ,1.81556e-08 ,8.11708e-06, 0.25
63.9256 ,1.95101e-06 ,0.000678221, 0.25
78.6595 ,7.8418e-06 ,0.00415299, 0.25
96.5184 ,3.99134e-08 ,1.30453e-09, 0.25
76.9186 ,8.09714e-06 ,0.000427948, 0.25
82.4022 ,2.7971e-05 ,2.64152e-09, 0.25
80.1977 ,0.00223215 ,1.42412e-09, 0.25
80.1977 ,0.0565783 ,3.82705e-05, 0.25
93.0334 ,5.54827e-08 ,4.52485e-06, 0.25
82.6942 ,0.00162241 ,0.0478434, 0.25
48.8915 ,3.09991e-06 ,3.69401e-08, 0.25
80.1977 ,9.27828e-05 ,3.40516e-08, 0.25
132.794 ,2.26388e-06 ,1.34501e-07, 0.25
108.089 ,5.12907e-05 ,0.0106287, 0.25
80.1977 ,0.000333768 ,2.41961e-08, 0.25
98.3292 ,1.03736e-09 ,4.31263e-08, 0.25
166.53 ,1.08907e-07 ,0.0275128, 0.25
98.6355 ,1.79385e-09 ,2.23854e-10, 0.25
96.5959 ,8.65889e-06 ,0.00766868, 0.25
90.6602 ,7.90755e-08 ,1.64955e-05, 0.25
109.148 ,0.000363191 ,0.000634882, 0.25
96.6225 ,1.13214e-06 ,4.80168e-10, 0.25
80.1977 ,0.00424326 ,1.96609e-06, 0.25
80.1977 ,5.14079e-05 ,4.8632e-07, 0.25
167.966 ,1.23848e-06 ,0.0514446, 0.25
80.1977 ,0.00149471 ,6.47925e-06, 0.25
102.258 ,3.06558e-08 ,2.49097e-05, 0.25
98.3581 ,1.11366e-09 ,6.76921e-07, 0.25
80.1977 ,0.000332163 ,7.06618e-07, 0.25
98.789 ,3.78083e-09 ,1.18691e-08, 0.25
80.1977 ,3.99173e-05 ,4.73818e-08, 0.25
94.1654 ,4.96244e-08 ,3.25751e-07, 0.25
80.1977 ,0.0901099 ,0.000129383, 0.25
80.1977 ,7.58503e-05 ,3.12837e-06, 0.25
98.2035 ,2.3242e-10 ,3.2376e-08, 0.25
168.547 ,7.65893e-09 ,0.0396377, 0.25
98.3999 ,5.90692e-10 ,2.34302e-10, 0.25
100.421 ,2.71629e-07 ,2.88324e-05, 0.25
80.1977 ,0.000278448 ,4.7783e-10, 0.25
80.1977 ,0.00116973 ,1.05222e-05, 0.25
114.502 ,3.95216e-05 ,0.000684565, 0.25
114.178 ,1.55369e-05 ,3.01809e-05, 0.25
80.1977 ,0.0952601 ,1.2194e-09, 0.25
103.209 ,1.03348e-06 ,1.40266e-08, 0.25
80.1977 ,0.0109221 ,9.25386e-07, 0.25
168.026 ,3.55804e-07 ,0.0995521, 0.25
80.1977 ,0.0286032 ,1.39838e-07, 0.25
60.8185 ,1.24341e-05 ,2.5376e-10, 0.25
80.1977 ,0.0605766 ,2.64593e-10, 0.25
80.1977 ,0.000427825 ,4.18885e-08, 0.25
98.1694 ,2.34576e-10 ,4.31412e-07, 0.25
97.1157 ,3.56367e-08 ,8.8741e-08, 0.25
98.4294 ,1.01922e-09 ,2.04474e-06, 0.25
80.1977 ,0.0167704 ,2.96907e-07, 0.25
167.881 ,1.15761e-06 ,0.0862507, 0.25
96.0059 ,4.08727e-08 ,1.09848e-07, 0.25
76.221 ,2.02891e-05 ,4.21175e-10, 0.25
80.1977 ,0.000556794 ,1.59176e-09, 0.25
80.1977 ,0.0186067 ,0.000538843, 0.25
100.204 ,4.03208e-07 ,1.17086e-05, 0.25
80.1977 ,0.000794574 ,6.12467e-10, 0.25
99.1568 ,5.52105e-09 ,1.22474e-08, 0.25
79.6029 ,0.00141824 ,0.040463, 0.25
99.4265 ,1.19117e-08 ,1.23251e-08, 0.25
98.2913 ,3.37081e-07 ,3.58742e-08, 0.25
98.8934 ,1.0397e-09 ,7.73526e-06, 0.25
98.8695 ,2.85808e-10 ,8.10247e-06, 0.25
95.7009 ,7.70911e-05 ,0.0165738, 0.25
99.4552 ,1.2155e-08 ,4.75858e-09, 0.25
98.41 ,1.11351e-09 ,5.7977e-06, 0.25
121.976 ,1.95295e-06 ,7.86932e-09, 0.25
80.1977 ,0.000133797 ,2.25105e-08, 0.25
98.0676 ,3.92173e-10 ,4.90192e-07, 0.25
81.6281 ,0.0135136 ,0.0850685, 0.25
167.292 ,3.30251e-06 ,0.00810109, 0.25
80.1977 ,0.000729943 ,1.1568e-08, 0.25
77.2829 ,0.0144869 ,0.00361082, 0.25
80.1977 ,0.00903903 ,3.56215e-08, 0.25
92.4663 ,5.80711e-08 ,2.83808e-10, 0.25
80.1977 ,0.00750297 ,8.54572e-08, 0.25
99.827 ,1.63154e-08 ,7.26563e-10, 0.25
167.393 ,1.46273e-09 ,0.000874101, 0.25
80.1977 ,0.0119524 ,0.000309803, 0.25
106.647 ,8.7327e-06 ,7.18096e-10, 0.25
80.1977 ,0.00116209 ,1.72083e-10, 0.25
80.1977 ,0.00840687 ,1.26947e-09, 0.25
73.4696 ,2.58559e-06 ,1.02057e-09, 0.25
80.9368 ,4.48254e-06 ,1.59069e-05, 0.25
99.5279 ,1.68239e-09 ,1.21938e-05, 0.25
84.2663 ,0.0310367 ,0.00640992, 0.25
80.1977 ,0.00692123 ,5.60274e-07, 0.25
165.392 ,6.66689e-06 ,0.0163592, 0.25
80.1977 ,0.0127742 ,1.00613e-09, 0.25
99.6561 ,1.95999e-08 ,2.14848e-07, 0.25
80.1977 ,0.000210034 ,3.40926e-07, 0.25
138.662 ,3.04041e-06 ,2.21598e-08, 0.25
122.984 ,1.32915e-06 ,1.41857e-09, 0.25
80.1977 ,0.00185858 ,5.30279e-06, 0.25
80.1977 ,0.0108218 ,1.98908e-09, 0.25
129.162 ,0.000318485 ,0.0112421, 0.25
98.237 ,2.04925e-10 ,4.35067e-07, 0.25
117.138 ,7.34362e-09 ,9.759e-05, 0.25
130.916 ,3.10003e-06 ,0.000107533, 0.25
80.1977 ,0.00535145 ,2.22184e-08, 0.25
127.464 ,3.26545e-06 ,6.2421e-08, 0.25
73.636 ,9.48089e-06 ,4.90077e-05, 0.25
80.1977 ,0.00292842 ,2.97206e-06, 0.25
89.9405 ,1.32568e-06 ,3.26e-09, 0.25
67.3519 ,0.000936177 ,0.000952427, 0.25
80.1977 ,0.0341227 ,2.6663e-07, 0.25
67.0214 ,0.00710034 ,0.0239422, 0.25
80.1977 ,0.00147591 ,3.83682e-08, 0.25
91.013 ,1.50029e-06 ,2.89919e-09, 0.25
98.4052 ,4.15234e-05 ,0.0122407, 0.25
98.3926 ,1.34422e-09 ,4.25456e-08, 0.25
67.1057 ,0.000551977 ,0.0013995, 0.25
166.877 ,3.47881e-09 ,0.000247527, 0.25
67.0214 ,0.00653651 ,0.0202372, 0.25
80.1977 ,0.00016307 ,5.51062e-08, 0.25
81.6281 ,3.37492e-05 ,0.000229832, 0.25
80.1977 ,0.00166168 ,1.75432e-09, 0.25
135.422 ,1.31171e-06 ,0.000182142, 0.25
83.8235 ,2.83254e-07 ,4.48188e-06, 0.25
69.4712 ,0.0025813 ,0.00204387, 0.25
80.1977 ,0.000761644 ,6.91463e-06, 0.25
99.5394 ,6.50613e-09 ,7.75282e-10, 0.25
80.1977 ,0.000188228 ,2.03296e-07, 0.25
98.3284 ,5.61808e-10 ,3.55898e-09, 0.25
80.5153 ,1.34732e-07 ,7.60857e-06, 0.25
98.549 ,2.62343e-09 ,4.03433e-07, 0.25
118.779 ,3.28706e-07 ,0.000104994, 0.25
167.73 ,3.33608e-08 ,0.000329066, 0.25
80.1977 ,0.00211337 ,1.91033e-06, 0.25
80.1977 ,0.0180924 ,5.14606e-06, 0.25
166.958 ,4.09475e-10 ,0.00725739, 0.25
80.1977 ,6.20818e-05 ,2.42185e-06, 0.25
99.7309 ,1.03383e-08 ,7.62979e-10, 0.25
108.879 ,0.0371 ,0.0481351, 0.25
80.1977 ,0.0779857 ,5.92985e-10, 0.25
167.474 ,1.3559e-09 ,0.00247888, 0.25
168.046 ,2.04041e-10 ,0.018384, 0.25
167.968 ,1.90995e-10 ,0.00096963, 0.25
106.463 ,7.263e-06 ,0.000209286, 0.25
143.06 ,2.55258e-06 ,0.00105755, 0.25
167.369 ,2.38329e-08 ,0.000462527, 0.25
98.0779 ,8.25644e-10 ,5.097e-07, 0.25
80.1977 ,0.00626403 ,0.000709536, 0.25
97.6406 ,3.46272e-08 ,3.67068e-09, 0.25
60.9748 ,4.27906e-06 ,0.000134664, 0.25
165.869 ,5.19392e-07 ,0.000540583, 0.25
80.1977 ,0.0341478 ,0.00291577, 0.25
70.1506 ,6.69569e-06 ,8.02513e-05, 0.25
91.3 ,6.8485e-08 ,1.11527e-05, 0.25
124.789 ,2.19905e-10 ,0.000115934, 0.25
71.1214 ,1.86702e-05 ,5.27016e-08, 0.25
80.1977 ,0.00101744 ,1.00062e-06, 0.25
167.364 ,1.32736e-08 ,0.00107618, 0.25
167.101 ,1.10972e-09 ,0.00195392, 0.25
102.264 ,1.97055e-08 ,2.9639e-05, 0.25
108.423 ,5.75483e-07 ,2.81707e-05, 0.25
74.9945 ,6.08047e-05 ,6.39457e-06, 0.25
112.059 ,3.91359e-06 ,3.66356e-07, 0.25
98.4096 ,8.21765e-10 ,7.84874e-08, 0.25
82.8946 ,2.03712e-05 ,1.35564e-06, 0.25
168.448 ,6.67671e-06 ,0.0350516, 0.25
161.478 ,1.24743e-07 ,0.000202919, 0.25
74.4548 ,1.47139e-05 ,1.47143e-09, 0.25
167.928 ,2.2887e-10 ,0.039064, 0.25
78.8956 ,0.0362339 ,0.0144489, 0.25
76.378 ,0.0263021 ,0.0123007, 0.25
89.0385 ,7.15167e-08 ,7.3183e-07, 0.25
80.1977 ,0.00497262 ,1.08745e-07, 0.25
99.3581 ,2.19145e-08 ,4.56966e-07, 0.25
80.1977 ,0.000152768 ,1.8481e-08, 0.25
99.8756 ,1.41151e-06 ,2.64908e-08, 0.25
80.1977 ,0.000643033 ,2.02978e-09, 0.25
81.43 ,1.12347e-07 ,9.33771e-07, 0.25
98.5419 ,1.99504e-09 ,3.19676e-08, 0.25
111.242 ,8.2124e-07 ,1.00153e-06, 0.25
98.7882 ,6.21342e-10 ,9.72983e-06, 0.25
100.315 ,2.93603e-07 ,3.86671e-05, 0.25
80.1977 ,0.0334784 ,9.16915e-07, 0.25
80.1977 ,0.0109377 ,3.97451e-08, 0.25
114.502 ,2.18763e-05 ,0.000366169, 0.25
161.181 ,1.55218e-06 ,0.000206322, 0.25
68.1152 ,1.40903e-06 ,1.41298e-05, 0.25
98.6962 ,2.34902e-09 ,5.77696e-07, 0.25
97.9496 ,2.25376e-10 ,4.97314e-07, 0.25
73.3261 ,1.33272e-05 ,7.20054e-05, 0.25
81.0979 ,2.06929e-05 ,9.01348e-07, 0.25
98.2873 ,8.02831e-10 ,1.25987e-08, 0.25
168.022 ,1.39584e-08 ,0.0526669, 0.25
72.5963 ,1.4434e-05 ,1.28862e-07, 0.25
80.1977 ,0.00630941 ,1.07802e-09, 0.25
92.4548 ,1.41805e-06 ,6.44134e-06, 0.25
116.958 ,1.8987e-06 ,1.88972e-06, 0.25
80.1977 ,0.0972158 ,5.49886e-06, 0.25
80.1977 ,0.00836289 ,7.22283e-10, 0.25
73.166 ,9.74354e-06 ,3.49458e-06, 0.25
166.873 ,2.06138e-05 ,0.0519358, 0.25
167.85 ,5.20782e-10 ,0.000305768, 0.25
81.2008 ,1.13345e-06 ,3.73725e-06, 0.25
167.913 ,6.48383e-08 ,0.0652653, 0.25
167.873 ,5.18242e-08 ,0.00084832, 0.25
98.4619 ,1.79682e-09 ,3.96372e-07, 0.25
125.963 ,2.66173e-05 ,1.69961e-05, 0.25
99.2828 ,6.98244e-09 ,1.77242e-08, 0.25
74.797 ,0.016471 ,0.00256465, 0.25
107.808 ,1.70521e-06 ,8.88952e-06, 0.25
128.252 ,5.75166e-05 ,0.00142542, 0.25
86.951 ,8.35395e-08 ,3.15345e-06, 0.25
95.9494 ,4.35138e-07 ,1.4748e-09, 0.25
112.32 ,3.50863e-05 ,0.0211033, 0.25
166.85 ,1.12047e-10 ,0.00200036, 0.25
168.01 ,1.80398e-08 ,0.0355912, 0.25
86.3961 ,5.66922e-06 ,1.92885e-05, 0.25