166.219 ,5.25063e-10 ,0.000793528, 0.75
166.896 ,3.83864e-09 ,0.000111078, 0.75
87.7918 ,5.59132e-05 ,4.3872e-05, 0.75
91.0675 ,0.000124168 ,2.65724e-07, 0.75
91.0675 ,8.73848e-05 ,6.55535e-10, 0.75
111.425 ,9.24756e-05 ,0.00358753, 0.75
97.0903 ,7.33693e-08 ,5.2786e-09, 0.75
91.0675 ,7.80049e-06 ,1.09381e-08, 0.75
91.0675 ,0.00549103 ,5.3573e-09, 0.75
87.8923 ,5.62149e-08 ,2.41559e-09, 0.75
166.54 ,1.30989e-08 ,0.000359542, 0.75
105.75 ,0.0012917 ,0.0784548, 0.75
164.268 ,3.29792e-06 ,0.0791502, 0.75
93.3949 ,1.69614e-08 ,7.94233e-07, 0.75
91.0675 ,0.00376956 ,9.36765e-09, 0.75
98.1957 ,8.30059e-09 ,7.62984e-08, 0.75
98.7829 ,6.44176e-10 ,4.11712e-06, 0.75
86.9869 ,2.53874e-08 ,6.45611e-09, 0.75
97.7562 ,7.7336e-10 ,5.3782e-08, 0.75
91.0675 ,0.00922087 ,1.76159e-10, 0.75
91.0675 ,7.04906e-06 ,2.78972e-10, 0.75
91.0675 ,0.000123575 ,9.85838e-09, 0.75
91.0675 ,1.5963e-05 ,3.37448e-08, 0.75
91.0675 ,0.000284036 ,4.74008e-07, 0.75
167.253 ,2.67131e-07 ,0.000155238, 0.75
99.0257 ,5.17825e-09 ,1.86349e-06, 0.75
91.0675 ,0.00160936 ,4.57106e-07, 0.75
81.7327 ,2.12685e-06 ,1.57358e-06, 0.75
91.0675 ,0.038039 ,1.59558e-06, 0.75
91.0675 ,0.000499425 ,2.70545e-10, 0.75
97.4997 ,1.24268e-10 ,1.19931e-06, 0.75
97.4949 ,6.25062e-10 ,2.17894e-08, 0.75
164.286 ,9.65351e-10 ,0.0429536, 0.75
69.077 ,9.71657e-06 ,1.55184e-05, 0.75
164.592 ,6.12638e-06 ,0.0467112, 0.75
91.0675 ,0.0378843 ,7.14857e-09, 0.75
91.0675 ,9.00382e-05 ,6.99226e-08, 0.75
141.574 ,6.55453e-07 ,1.06273e-05, 0.75
91.0675 ,5.39306e-05 ,3.83841e-07, 0.75
91.0675 ,4.87923e-05 ,1.13063e-06, 0.75
83.5068 ,0.00094397 ,0.0746542, 0.75
164.162 ,4.52475e-08 ,0.00721271, 0.75
91.0675 ,0.00600212 ,4.35313e-09, 0.75
167.609 ,6.71174e-07 ,0.00150836, 0.75
91.0675 ,0.0243055 ,1.55088e-10, 0.75
77.2738 ,1.26006e-06 ,3.76074e-08, 0.75
166.945 ,9.60201e-10 ,9.98435e-05, 0.75
91.0675 ,0.000388807 ,1.18779e-08, 0.75
86.4707 ,0.00303425 ,0.0011829, 0.75
81.5083 ,9.92811e-07 ,5.33748e-07, 0.75
92.2269 ,2.79846e-07 ,1.51332e-10, 0.75
166.911 ,5.95807e-08 ,0.000345518, 0.75
91.0675 ,0.000103277 ,2.07567e-10, 0.75
81.324 ,4.25867e-08 ,6.73074e-08, 0.75
166.218 ,3.82727e-10 ,0.000565438, 0.75
97.5574 ,1.08363e-10 ,7.08135e-07, 0.75
164.159 ,4.39939e-09 ,0.0517479, 0.75
81.1573 ,3.74955e-08 ,2.37694e-09, 0.75
97.878 ,1.67149e-09 ,7.06152e-10, 0.75
165.006 ,1.17937e-06 ,0.0108086, 0.75
76.8122 ,0.00012771 ,0.0173678, 0.75
91.0675 ,0.0956473 ,1.61877e-05, 0.75
91.0675 ,0.000145875 ,1.4806e-07, 0.75
164.355 ,1.16693e-09 ,0.00691075, 0.75
164.143 ,6.0975e-09 ,0.0194568, 0.75
91.0675 ,0.00292481 ,1.47905e-08, 0.75
167.678 ,1.33644e-06 ,0.000189973, 0.75
116.931 ,2.47975e-10 ,3.3062e-05, 0.75
164.408 ,1.7797e-09 ,0.0659676, 0.75
73.9152 ,2.99251e-05 ,0.00142928, 0.75
91.0675 ,8.58261e-06 ,2.22096e-07, 0.75
101.513 ,4.73106e-09 ,9.32317e-06, 0.75
125.625 ,1.032e-05 ,0.00292767, 0.75
94.2316 ,2.29414e-05 ,8.41707e-05, 0.75
91.0675 ,0.00733971 ,0.00025685, 0.75
98.6454 ,3.81033e-09 ,1.32344e-08, 0.75
91.0675 ,6.62298e-06 ,7.87139e-07, 0.75
166.713 ,2.62733e-08 ,0.000337214, 0.75
163.62 ,6.08099e-07 ,0.0724893, 0.75
91.0675 ,2.66581e-05 ,3.60447e-06, 0.75
103.448 ,0.0546681 ,0.0471808, 0.75
93.9418 ,1.98897e-08 ,6.06869e-06, 0.75
166.896 ,5.59361e-07 ,0.000145738, 0.75
165.475 ,3.2484e-09 ,0.0022358, 0.75
164.119 ,7.75883e-08 ,0.0626622, 0.75
91.0675 ,0.00208686 ,7.88909e-05, 0.75
97.152 ,1.81682e-10 ,4.0605e-10, 0.75
91.0675 ,0.00108844 ,1.36762e-06, 0.75
101.183 ,0.00171705 ,0.00172264, 0.75
91.0675 ,0.00383502 ,0.000139469, 0.75
91.0675 ,1.29481e-05 ,4.49049e-08, 0.75
90.1829 ,3.20974e-06 ,4.11632e-05, 0.75
166.615 ,7.54445e-09 ,0.000280925, 0.75
91.0675 ,0.00136324 ,1.5897e-10, 0.75
113.381 ,1.54144e-06 ,5.88619e-07, 0.75
91.0675 ,0.0883387 ,7.66184e-10, 0.75
92.2493 ,4.36065e-08 ,1.64992e-05, 0.75
91.0675 ,0.00134573 ,1.53072e-06, 0.75
102.472 ,1.33828e-07 ,1.10055e-07, 0.75
84.3894 ,2.92322e-08 ,1.36554e-08, 0.75
91.0675 ,0.000190186 ,3.53383e-07, 0.75
98.4598 ,5.40965e-09 ,7.42485e-08, 0.75
80.8552 ,7.29627e-06 ,1.67387e-05, 0.75
91.0675 ,7.35189e-05 ,7.64771e-07, 0.75
91.0675 ,0.000120744 ,1.02796e-08, 0.75
92.6679 ,0.000114793 ,0.00234441, 0.75
91.0675 ,0.0989094 ,1.67559e-08, 0.75
97.8042 ,8.87888e-10 ,3.28291e-07, 0.75
91.0675 ,0.0668343 ,0.000896542, 0.75
91.1319 ,0.000145743 ,0.00132608, 0.75
98.5676 ,2.95579e-09 ,1.00634e-08, 0.75
81.2044 ,3.80287e-08 ,1.0633e-10, 0.75
102.913 ,2.0313e-06 ,0.000176845, 0.75
97.3563 ,1.6003e-10 ,7.41232e-09, 0.75
97.4981 ,6.24172e-10 ,3.02159e-09, 0.75
91.1057 ,3.26065e-06 ,1.33202e-08, 0.75
128.989 ,5.38097e-08 ,4.11467e-05, 0.75
87.1361 ,5.43439e-08 ,5.38207e-09, 0.75
163.462 ,3.44219e-10 ,0.0281722, 0.75
164.257 ,1.69253e-06 ,0.0887788, 0.75
91.0675 ,6.24777e-05 ,2.73708e-10, 0.75
91.0675 ,0.000229486 ,1.00208e-06, 0.75
91.0675 ,0.00184369 ,4.27519e-10, 0.75
90.2783 ,9.82472e-07 ,9.14318e-05, 0.75
166.134 ,2.2409e-06 ,0.00571755, 0.75
91.0675 ,0.0115808 ,1.15367e-05, 0.75
164.414 ,1.63059e-10 ,0.0311179, 0.75
97.3242 ,2.74311e-06 ,3.46912e-06, 0.75
105.705 ,5.96154e-07 ,2.88272e-07, 0.75
167.432 ,6.00616e-07 ,0.000211351, 0.75
91.0675 ,0.000131317 ,2.41979e-08, 0.75
84.4679 ,1.29932e-07 ,7.95904e-10, 0.75
165.802 ,6.50204e-10 ,0.00190123, 0.75
93.3917 ,9.25903e-08 ,1.21166e-05, 0.75
165.699 ,2.34894e-08 ,0.00202009, 0.75
91.0675 ,1.52902e-05 ,9.12559e-09, 0.75
124.816 ,1.04924e-08 ,3.79762e-05, 0.75
164.125 ,1.33946e-07 ,6.24371e-05, 0.75
91.0675 ,0.00214672 ,4.56651e-07, 0.75
92.2609 ,2.10367e-06 ,2.77122e-10, 0.75
98.5364 ,4.1573e-09 ,6.74256e-08, 0.75
91.0675 ,0.00141233 ,2.93205e-07, 0.75
90.0432 ,1.60918e-05 ,0.0154083, 0.75
97.5712 ,5.90262e-10 ,8.56947e-08, 0.75
91.0675 ,0.000587147 ,1.12003e-09, 0.75
97.6622 ,7.26844e-10 ,7.30973e-09, 0.75
91.0675 ,0.0042385 ,3.59665e-09, 0.75
91.0675 ,0.0097466 ,0.000165388, 0.75
91.0675 ,0.00942217 ,1.0506e-07, 0.75
166.769 ,1.64478e-10 ,0.000111077, 0.75
91.0675 ,8.52144e-05 ,6.00417e-07, 0.75
157.518 ,6.11456e-05 ,0.0836898, 0.75
91.0662 ,4.96901e-06 ,7.76969e-07, 0.75
78.1357 ,3.83686e-07 ,5.9574e-06, 0.75
91.0675 ,0.051782 ,1.90832e-08, 0.75
91.0675 ,1.19132e-05 ,4.80574e-10, 0.75
91.0675 ,0.0242312 ,1.90028e-07, 0.75
91.0675 ,4.99648e-05 ,2.05451e-08, 0.75
167.513 ,2.40504e-07 ,0.000408437, 0.75
108.996 ,1.6896e-10 ,2.44431e-05, 0.75
97.4522 ,7.74128e-10 ,1.31285e-10, 0.75
91.0675 ,0.00471125 ,3.99684e-10, 0.75
91.0675 ,6.31317e-05 ,1.06547e-10, 0.75
165.368 ,1.24621e-08 ,0.00265218, 0.75
91.0675 ,0.00918723 ,0.000144362, 0.75
164.118 ,1.54837e-10 ,0.044867, 0.75
97.3551 ,3.64871e-10 ,1.7406e-07, 0.75
91.0675 ,0.00437756 ,5.20445e-09, 0.75
91.0675 ,1.65435e-05 ,2.7063e-10, 0.75
166.148 ,2.75036e-10 ,0.00069427, 0.75
91.0675 ,1.34824e-05 ,6.11105e-09, 0.75
91.0675 ,1.17279e-05 ,1.81993e-06, 0.75
91.0675 ,0.000263681 ,5.4583e-08, 0.75
91.0736 ,3.65018e-06 ,1.66605e-08, 0.75
86.2229 ,3.60061e-05 ,0.00538196, 0.75
102.687 ,5.41166e-09 ,1.2165e-05, 0.75
164.62 ,1.12385e-07 ,0.00879606, 0.75
107.713 ,0.00884454 ,0.0873591, 0.75
91.0675 ,4.8589e-06 ,1.08879e-07, 0.75
165.362 ,7.39247e-06 ,0.0469703, 0.75
91.0641 ,0.000195465 ,5.6351e-05, 0.75
91.0675 ,7.48494e-05 ,4.20253e-06, 0.75
165.827 ,1.33309e-08 ,0.0013917, 0.75
91.0675 ,0.000832027 ,2.03253e-05, 0.75
91.0675 ,0.000298043 ,4.02457e-07, 0.75
116.053 ,8.17223e-07 ,3.49567e-06, 0.75
91.0663 ,9.9535e-06 ,2.43282e-06, 0.75
94.144 ,1.82746e-08 ,4.45826e-06, 0.75
86.1082 ,1.77471e-06 ,1.49061e-06, 0.75
113.665 ,1.23194e-06 ,2.80863e-05, 0.75
88.4322 ,2.15355e-06 ,5.9136e-05, 0.75
92.6461 ,0.000155507 ,0.000944711, 0.75
123.045 ,1.80438e-08 ,3.67766e-05, 0.75
166.358 ,2.44803e-09 ,0.000775781, 0.75
91.0675 ,0.0191058 ,2.7864e-06, 0.75
134.946 ,2.80766e-08 ,4.36957e-05, 0.75
90.727 ,1.65753e-07 ,5.48007e-10, 0.75
91.1319 ,0.000402526 ,0.00361341, 0.75
91.0675 ,0.0479943 ,5.72447e-05, 0.75
91.0675 ,2.6436e-05 ,2.11973e-10, 0.75
97.1838 ,2.95731e-10 ,4.17147e-08, 0.75
107.713 ,0.00132118 ,0.014136, 0.75
91.0675 ,0.000941916 ,1.72086e-07, 0.75
91.0675 ,0.0257098 ,3.02077e-08, 0.75
91.0675 ,0.0896632 ,1.16719e-05, 0.75
91.0676 ,0.00176639 ,0.000412414, 0.75
167.051 ,5.94603e-08 ,0.000107283, 0.75
82.5748 ,2.09263e-06 ,1.01493e-07, 0.75
95.556 ,0.00463832 ,0.0114644, 0.75
91.0814 ,3.67657e-06 ,3.46074e-09, 0.75
155.656 ,0.000155578 ,0.0266281, 0.75
90.3641 ,7.88513e-07 ,2.5025e-07, 0.75
165.986 ,8.78617e-06 ,0.0197831, 0.75
91.0675 ,0.0414337 ,5.17455e-09, 0.75
164.857 ,1.68234e-09 ,0.004347, 0.75
91.0675 ,0.000109183 ,4.75148e-09, 0.75
91.0675 ,0.000403113 ,1.33573e-05, 0.75
91.0675 ,0.0131056 ,4.41319e-07, 0.75
97.3808 ,1.27055e-10 ,3.5438e-07, 0.75
91.0675 ,0.00234133 ,9.8054e-07, 0.75
103.643 ,0.000158209 ,0.000892356, 0.75
91.0675 ,0.00183118 ,9.42241e-05, 0.75
91.0675 ,0.000736211 ,3.78462e-10, 0.75
76.8156 ,0.00193506 ,0.0326257, 0.75
82.0053 ,4.61265e-08 ,6.54958e-07, 0.75
91.0675 ,0.00595936 ,5.81658e-05, 0.75
166.956 ,4.79787e-08 ,0.00011705, 0.75
166.04 ,2.4035e-07 ,0.00247991, 0.75
72.5973 ,0.000121341 ,0.016496, 0.75
164.015 ,7.73571e-09 ,0.0100497, 0.75
144.387 ,8.77454e-07 ,0.000287178, 0.75
166.882 ,1.05013e-07 ,0.00036268, 0.75
82.5518 ,4.65418e-08 ,1.4327e-08, 0.75
98.3115 ,3.15723e-09 ,2.86856e-10, 0.75
94.0644 ,1.58834e-08 ,2.03136e-10, 0.75
98.3908 ,4.84278e-09 ,1.66177e-09, 0.75
147.846 ,2.91728e-06 ,0.00256997, 0.75
97.7834 ,9.19349e-09 ,1.30519e-09, 0.75
166.925 ,7.09068e-08 ,9.62514e-05, 0.75
91.0675 ,0.0210658 ,7.64079e-06, 0.75
92.3853 ,9.34968e-08 ,7.04984e-10, 0.75
91.0675 ,0.000435656 ,1.03324e-09, 0.75
98.7047 ,5.05904e-09 ,8.8627e-09, 0.75
89.3412 ,0.000517625 ,0.0227479, 0.75
91.1038 ,3.15337e-06 ,8.62019e-08, 0.75
165.901 ,4.90229e-06 ,0.0133688, 0.75
98.6884 ,0.00635863 ,0.014295, 0.75
164.111 ,0.000318656 ,0.0893888, 0.75
164.407 ,4.11758e-09 ,0.0121107, 0.75
98.6884 ,0.000936118 ,0.00206992, 0.75
91.0675 ,0.00282397 ,4.35077e-05, 0.75
99.4284 ,3.00036e-06 ,2.38074e-05, 0.75
164.115 ,1.68731e-09 ,0.0747463, 0.75
97.4301 ,6.09675e-10 ,1.72306e-09, 0.75
91.0675 ,0.00146043 ,9.81858e-06, 0.75
91.0675 ,0.00842216 ,2.90325e-05, 0.75
97.1236 ,1.40948e-10 ,1.75581e-10, 0.75
91.0675 ,0.0092069 ,9.29966e-09, 0.75
91.0675 ,0.00683659 ,5.40722e-07, 0.75
91.0676 ,0.000550395 ,0.00011691, 0.75
91.0675 ,0.0370434 ,4.75993e-05, 0.75
164.51 ,7.04607e-07 ,0.017831, 0.75
91.0675 ,2.73321e-05 ,1.13801e-10, 0.75
164.728 ,7.09498e-06 ,0.0611771, 0.75
98.4765 ,5.29136e-09 ,6.85223e-08, 0.75
167.077 ,6.99804e-08 ,0.00023871, 0.75
91.0675 ,0.000127537 ,4.9519e-08, 0.75
15.7379 ,3.81508e-05 ,0.036698, 0.75
163.714 ,1.3484e-10 ,0.0682311, 0.75
75.4915 ,4.40691e-05 ,0.00127787, 0.75
91.0675 ,1.79783e-05 ,1.2174e-07, 0.75
91.0675 ,0.0460119 ,1.38431e-07, 0.75
166.875 ,4.86531e-09 ,0.000105062, 0.75
98.2882 ,2.35119e-09 ,1.28156e-08, 0.75
93.9151 ,9.90734e-06 ,0.000173473, 0.75
91.0675 ,0.0181473 ,1.81036e-07, 0.75
166.108 ,3.03214e-09 ,0.000882663, 0.75
93.6792 ,1.90066e-08 ,4.82662e-06, 0.75
165.953 ,3.4725e-10 ,0.00103988, 0.75
97.6279 ,1.10043e-07 ,2.58123e-10, 0.75
92.3104 ,0.00022977 ,0.000665607, 0.75
164.675 ,1.85802e-07 ,0.0180874, 0.75
91.0675 ,2.93507e-05 ,1.31241e-06, 0.75
93.9501 ,2.94644e-06 ,3.6381e-09, 0.75
91.0675 ,4.41701e-06 ,2.13929e-10, 0.75
118.266 ,8.44678e-07 ,2.46133e-06, 0.75
166.904 ,6.94393e-10 ,0.000106174, 0.75
167.216 ,7.30493e-08 ,0.000211327, 0.75
113.897 ,4.73425e-07 ,1.89014e-06, 0.75
84.4324 ,2.90633e-08 ,1.22351e-07, 0.75
103.189 ,1.52089e-06 ,2.26727e-08, 0.75
166.436 ,1.90559e-09 ,0.000453186, 0.75
91.0675 ,0.00182792 ,9.59528e-07, 0.75
164.106 ,2.50553e-08 ,0.0194563, 0.75
97.7791 ,9.4779e-09 ,1.96726e-09, 0.75
92.6965 ,0.00013142 ,0.000144699, 0.75
91.0675 ,0.000463528 ,9.1146e-07, 0.75
98.2221 ,7.50074e-08 ,5.48254e-06, 0.75
91.0675 ,0.000290984 ,1.48009e-09, 0.75
103.681 ,9.28078e-09 ,1.29419e-05, 0.75
163.468 ,3.80061e-07 ,0.0411814, 0.75
164.251 ,7.75348e-09 ,0.0374565, 0.75
97.2277 ,3.30213e-10 ,2.31437e-10, 0.75
165.16 ,1.49114e-06 ,0.00713728, 0.75
163.51 ,3.91322e-08 ,0.0843173, 0.75
99.8509 ,1.28888e-07 ,5.41472e-10, 0.75
91.0675 ,0.00356335 ,1.80778e-05, 0.75
76.8016 ,1.79388e-07 ,1.4291e-07, 0.75
166.219 ,5.25063e-10 ,0.000793528, 0.75
164.175 ,3.22668e-09 ,0.00683985, 0.75
97.5489 ,1.9396e-10 ,1.16541e-06, 0.75
101.401 ,6.38558e-10 ,1.14572e-05, 0.75
95.0074 ,1.44485e-08 ,2.04562e-10, 0.75
166.942 ,2.7678e-08 ,7.38078e-05, 0.75
166.96 ,1.14377e-07 ,0.000437451, 0.75
91.0675 ,0.0106318 ,1.11723e-10, 0.75
91.0675 ,0.00754795 ,2.3083e-10, 0.75
91.0675 ,3.25887e-05 ,2.15568e-09, 0.75
166.942 ,6.12805e-09 ,0.000183028, 0.75
91.0675 ,0.0426199 ,4.48398e-08, 0.75
91.0675 ,0.00104204 ,4.38509e-09, 0.75
165.277 ,1.67664e-07 ,0.00382491, 0.75
98.4905 ,6.46126e-09 ,2.48593e-07, 0.75
91.0641 ,0.0173458 ,0.00469234, 0.75
103.448 ,0.0881504 ,0.0840957, 0.75
91.0675 ,2.24822e-05 ,7.8684e-10, 0.75
165.956 ,3.82514e-08 ,0.00187974, 0.75
91.0675 ,0.0607533 ,3.79744e-10, 0.75
97.251 ,2.64136e-10 ,1.7938e-09, 0.75
91.0675 ,0.00576511 ,6.96619e-05, 0.75
91.0675 ,0.00495409 ,6.62511e-05, 0.75
91.0675 ,0.0590918 ,2.11604e-07, 0.75
90.5573 ,2.30819e-06 ,6.83101e-07, 0.75
92.2078 ,5.9736e-08 ,2.64572e-09, 0.75
92.935 ,1.69403e-08 ,4.6972e-09, 0.75
81.3762 ,0.000168641 ,0.000740664, 0.75
111.793 ,7.94725e-06 ,0.000679246, 0.75
91.0641 ,0.00819769 ,0.00274747, 0.75
95.3748 ,1.36537e-08 ,4.10145e-10, 0.75
91.0675 ,0.00172487 ,1.41925e-10, 0.75
91.0675 ,0.000106151 ,5.55718e-09, 0.75
100.017 ,1.77101e-06 ,3.24725e-08, 0.75
97.8979 ,5.92449e-10 ,1.05756e-06, 0.75
91.0675 ,0.012335 ,1.58333e-10, 0.75
163.834 ,2.15163e-08 ,0.078712, 0.75
166.354 ,4.90818e-10 ,0.000687894, 0.75
164.414 ,2.35845e-09 ,0.0280037, 0.75
94.2108 ,5.90796e-06 ,5.77628e-06, 0.75
88.2715 ,1.68085e-07 ,3.03629e-08, 0.75
91.0675 ,0.00717967 ,7.10291e-08, 0.75
91.0675 ,0.000382254 ,2.92842e-06, 0.75
88.3522 ,0.00150513 ,0.000589262, 0.75
91.0675 ,0.000108009 ,1.83524e-08, 0.75
91.0675 ,2.06166e-05 ,2.37619e-10, 0.75
91.0675 ,0.000227542 ,3.78144e-08, 0.75
91.0675 ,0.0081945 ,0.00131767, 0.75
165.187 ,3.59704e-06 ,0.0205715, 0.75
96.1071 ,8.20934e-08 ,5.01753e-08, 0.75
91.0675 ,0.0993497 ,5.42502e-07, 0.75
91.0675 ,0.0270096 ,9.71207e-10, 0.75
80.7756 ,3.98802e-05 ,0.000213435, 0.75
166.309 ,1.3423e-10 ,0.00053252, 0.75
97.558 ,1.00112e-09 ,1.29869e-10, 0.75
91.0675 ,0.00186791 ,1.55613e-05, 0.75
89.8797 ,0.000468788 ,0.0444154, 0.75
165.609 ,4.37609e-07 ,0.00343866, 0.75
92.5073 ,1.79354e-08 ,2.32592e-07, 0.75
91.0675 ,0.00017322 ,6.91011e-10, 0.75
91.0675 ,0.0304795 ,0.000209152, 0.75
91.0675 ,0.000516407 ,6.10348e-09, 0.75
87.9185 ,0.000405096 ,0.0109185, 0.75
88.6732 ,3.42147e-05 ,0.00101671, 0.75
93.7395 ,2.1062e-06 ,2.36837e-10, 0.75
164.389 ,2.10507e-09 ,0.0172586, 0.75
91.0675 ,0.00226994 ,4.14108e-08, 0.75
91.0675 ,0.00614578 ,1.74176e-08, 0.75
91.0675 ,0.000113413 ,2.32725e-08, 0.75
97.2978 ,1.91361e-10 ,3.63737e-09, 0.75
82.6433 ,3.12547e-08 ,7.26849e-10, 0.75
112.627 ,1.32527e-10 ,2.8628e-05, 0.75
167.886 ,5.35781e-07 ,0.000780866, 0.75
103.448 ,0.0880712 ,0.0834086, 0.75
91.4452 ,2.87714e-07 ,8.62912e-09, 0.75
91.7561 ,1.81031e-06 ,0.000151088, 0.75
123.13 ,1.28845e-08 ,3.66838e-05, 0.75
99.7664 ,4.24776e-07 ,2.09712e-08, 0.75
86.4485 ,5.07851e-05 ,1.8985e-05, 0.75
89.3764 ,2.26865e-08 ,9.86064e-07, 0.75
99.5811 ,1.80871e-05 ,0.00012465, 0.75
166.99 ,2.90092e-09 ,0.000182274, 0.75
97.5226 ,3.32733e-10 ,1.83895e-07, 0.75
97.1548 ,2.00775e-10 ,1.15391e-10, 0.75
42.6024 ,0.000161438 ,0.024481, 0.75
84.2407 ,1.69521e-06 ,1.51482e-10, 0.75
164.911 ,4.79555e-09 ,0.00451934, 0.75
97.9391 ,7.16839e-10 ,9.90833e-07, 0.75
98.3932 ,1.97888e-09 ,5.26389e-07, 0.75
99.2511 ,7.0934e-09 ,2.07076e-06, 0.75
13.4774 ,2.32811e-05 ,0.00782565, 0.75
90.5444 ,2.72226e-08 ,8.76204e-06, 0.75
82.3614 ,8.24152e-05 ,0.00198971, 0.75
165.958 ,4.14905e-09 ,0.00118468, 0.75
164.492 ,6.01232e-07 ,0.0983594, 0.75
164.382 ,1.92169e-09 ,0.094903, 0.75
91.0675 ,0.0157327 ,1.27702e-08, 0.75
91.0675 ,7.5013e-05 ,6.82853e-09, 0.75
91.0675 ,0.0359391 ,8.09557e-05, 0.75
81.9186 ,3.24075e-08 ,2.46226e-10, 0.75
91.0675 ,0.000671339 ,7.79463e-05, 0.75
97.3557 ,2.38094e-10 ,9.99597e-09, 0.75
91.0676 ,3.00397e-05 ,6.20185e-06, 0.75
102.418 ,2.26124e-07 ,3.96219e-10, 0.75
96.3209 ,3.00615e-07 ,1.96759e-10, 0.75
91.1319 ,0.000105416 ,0.000919273, 0.75
165.946 ,1.5747e-09 ,0.00135979, 0.75
106.621 ,0.00113641 ,0.00412667, 0.75
166.638 ,3.80742e-10 ,0.000296832, 0.75
76.3888 ,3.03932e-06 ,1.18775e-08, 0.75
97.2737 ,2.94618e-10 ,1.89131e-08, 0.75
76.9972 ,8.09962e-05 ,5.38142e-05, 0.75
91.0675 ,9.03953e-05 ,2.4871e-08, 0.75
97.746 ,7.32848e-08 ,2.79127e-06, 0.75
85.2075 ,2.7518e-08 ,1.99288e-08, 0.75
164.205 ,4.58619e-08 ,0.0606843, 0.75
91.0675 ,0.01557 ,0.000907328, 0.75
91.0675 ,0.00098739 ,1.57398e-10, 0.75
165.132 ,4.03e-09 ,0.00356821, 0.75
91.0641 ,0.000328901 ,9.34652e-05, 0.75
91.0675 ,0.0398024 ,0.000984742, 0.75
91.0675 ,0.00166569 ,0.000230467, 0.75
164.431 ,4.71875e-09 ,0.0125376, 0.75
91.0675 ,0.0138971 ,2.73502e-06, 0.75
91.0675 ,5.83927e-06 ,5.54425e-09, 0.75
97.2821 ,6.8843e-08 ,7.5575e-09, 0.75
89.7439 ,2.70461e-07 ,9.35933e-10, 0.75
91.0675 ,0.000338654 ,6.84205e-07, 0.75
91.0675 ,3.3748e-05 ,1.37809e-07, 0.75
111.782 ,5.77889e-07 ,6.02682e-06, 0.75
165.905 ,4.04856e-05 ,0.0976661, 0.75
98.4628 ,6.97531e-09 ,2.46451e-08, 0.75
91.0675 ,0.00238869 ,0.000152284, 0.75
79.307 ,0.0010762 ,0.0267312, 0.75
164.337 ,3.76308e-08 ,0.0881513, 0.75
86.1888 ,1.89681e-07 ,3.59452e-09, 0.75
91.0675 ,0.000687379 ,1.89395e-10, 0.75
94.6202 ,1.46993e-08 ,3.11409e-09, 0.75
91.0675 ,0.000495571 ,3.38706e-07, 0.75
91.0675 ,0.0312378 ,1.3379e-10, 0.75
98.5429 ,2.97343e-09 ,5.20258e-08, 0.75
91.0675 ,5.17749e-06 ,1.66158e-10, 0.75
91.0675 ,0.00455748 ,6.85425e-10, 0.75
77.8738 ,2.45889e-07 ,3.97252e-10, 0.75
91.0675 ,0.000124896 ,9.88988e-09, 0.75
97.0528 ,4.86913e-07 ,4.10825e-09, 0.75
97.1003 ,1.01114e-10 ,1.13297e-10, 0.75
109.992 ,1.13711e-07 ,2.16998e-05, 0.75
91.0675 ,0.021086 ,1.06481e-07, 0.75
91.0675 ,0.0762477 ,9.88265e-07, 0.75
167.231 ,1.36828e-06 ,0.00293589, 0.75
97.3468 ,1.4142e-10 ,7.13303e-09, 0.75
91.0675 ,0.00370884 ,9.76155e-10, 0.75
89.1593 ,2.21521e-08 ,9.66452e-08, 0.75
80.1807 ,0.00165506 ,0.00111041, 0.75
91.0675 ,0.00145185 ,1.37303e-08, 0.75
163.676 ,1.42285e-10 ,0.0933406, 0.75
97.3964 ,4.52644e-10 ,1.37658e-07, 0.75
108.787 ,3.20121e-06 ,5.66813e-06, 0.75
96.1693 ,5.99479e-05 ,0.000914973, 0.75
97.3704 ,2.0899e-06 ,6.2844e-08, 0.75
165.637 ,5.92482e-10 ,0.00220068, 0.75
98.8358 ,0.000184617 ,0.035627, 0.75
91.0675 ,7.31715e-06 ,1.27351e-07, 0.75
91.0675 ,0.0191279 ,2.84708e-05, 0.75
91.0675 ,0.00652996 ,4.23186e-09, 0.75
166.739 ,2.37248e-10 ,0.000250273, 0.75
83.1538 ,5.13036e-06 ,0.000218264, 0.75
91.086 ,3.60794e-06 ,1.83966e-09, 0.75
91.0675 ,1.65005e-05 ,1.77692e-10, 0.75
91.0675 ,0.00165859 ,0.000146507, 0.75
91.885 ,9.74621e-08 ,8.6363e-08, 0.75
82.2083 ,0.000209032 ,0.0442232, 0.75
103.448 ,0.00013363 ,0.000118994, 0.75
97.2026 ,2.65487e-10 ,5.76781e-10, 0.75
97.5441 ,5.01146e-10 ,7.24391e-09, 0.75
91.0641 ,3.26779e-05 ,9.30741e-06, 0.75
98.2808 ,6.49831e-09 ,4.83609e-10, 0.75
97.7321 ,1.20987e-08 ,2.90294e-06, 0.75
89.7186 ,2.14526e-08 ,2.81443e-08, 0.75
98.408 ,4.11991e-09 ,2.89368e-10, 0.75
111.633 ,1.05646e-06 ,6.20059e-07, 0.75
91.0675 ,0.0266485 ,1.38642e-10, 0.75
164.661 ,2.32615e-07 ,0.00672605, 0.75
91.0675 ,0.000104025 ,1.56828e-08, 0.75
94.6764 ,3.93077e-05 ,1.96596e-05, 0.75
99.0694 ,1.3201e-07 ,3.41576e-06, 0.75
166.19 ,3.64683e-09 ,0.000813667, 0.75
91.0675 ,0.00158482 ,3.427e-06, 0.75
91.0675 ,0.00102909 ,2.32746e-10, 0.75
61.0767 ,6.24189e-05 ,0.0186078, 0.75
164.312 ,2.74907e-07 ,0.0313028, 0.75
91.0675 ,0.000232745 ,5.30291e-10, 0.75
111.563 ,3.15231e-06 ,0.000718294, 0.75
164.994 ,1.73497e-10 ,0.00392361, 0.75
76.3672 ,0.000222373 ,0.000119743, 0.75
15.0996 ,8.29082e-06 ,0.0025498, 0.75
91.0675 ,0.0446777 ,0.00561906, 0.75
91.0675 ,0.000248133 ,1.51405e-08, 0.75
91.0675 ,0.00118815 ,1.08689e-05, 0.75
167.254 ,1.91056e-06 ,0.0033771, 0.75
90.3949 ,0.000141178 ,8.9456e-05, 0.75
97.3682 ,3.52737e-10 ,9.92467e-08, 0.75
97.7576 ,1.35587e-09 ,1.21932e-09, 0.75
97.8778 ,4.04315e-10 ,1.82329e-06, 0.75
91.0675 ,0.000163788 ,4.77366e-10, 0.75
88.6778 ,2.48722e-06 ,4.96658e-10, 0.75
164.415 ,6.23162e-10 ,0.00878164, 0.75
99.3717 ,8.55983e-10 ,5.2035e-06, 0.75
146.41 ,4.21992e-05 ,0.0556793, 0.75
165.634 ,1.82775e-08 ,0.00214006, 0.75
98.6884 ,0.00865164 ,0.0185784, 0.75
88.2413 ,0.00173802 ,0.000820481, 0.75
91.0675 ,0.0181858 ,0.000526673, 0.75
165.27 ,9.96979e-10 ,0.00325559, 0.75
166.396 ,1.54384e-10 ,0.000446059, 0.75
91.0675 ,8.63765e-06 ,1.20195e-10, 0.75
91.0675 ,0.0346825 ,1.48622e-09, 0.75
97.168 ,1.09979e-10 ,1.82475e-09, 0.75
91.0675 ,6.09784e-06 ,2.19221e-09, 0.75
91.0675 ,0.00397635 ,1.62416e-10, 0.75
91.0675 ,1.08548e-05 ,5.10371e-09, 0.75
94.3093 ,2.28541e-07 ,2.42235e-08, 0.75
91.0675 ,0.00886742 ,8.64639e-08, 0.75
92.051 ,2.75603e-06 ,3.38928e-07, 0.75
91.0675 ,0.0279207 ,2.36064e-06, 0.75
91.0675 ,0.000204543 ,1.77459e-10, 0.75
97.3167 ,1.90989e-10 ,4.09778e-09, 0.75
91.0675 ,7.89483e-06 ,1.48276e-07, 0.75
91.0675 ,0.0179121 ,3.50548e-05, 0.75
97.7455 ,8.75175e-10 ,4.78641e-07, 0.75
91.0675 ,0.0214396 ,2.25366e-09, 0.75
168.925 ,0.000400905 ,0.0883997, 0.75
91.0675 ,0.00221352 ,2.22736e-09, 0.75
123.184 ,7.29661e-07 ,9.44409e-08, 0.75
91.0675 ,0.0487866 ,0.000260646, 0.75
91.0675 ,0.00172774 ,2.39437e-05, 0.75
91.0641 ,0.0744999 ,0.0257464, 0.75
99.994 ,3.88347e-09 ,4.84788e-06, 0.75
166.921 ,4.46e-08 ,7.96525e-05, 0.75
75.5554 ,2.41055e-07 ,4.18518e-06, 0.75
83.7237 ,0.000280577 ,0.0130332, 0.75
91.0675 ,7.84435e-05 ,2.36845e-08, 0.75
95.8276 ,8.6446e-08 ,2.97836e-08, 0.75
99.0486 ,3.31091e-09 ,2.02534e-06, 0.75
167.262 ,1.02633e-06 ,0.000133968, 0.75
91.0675 ,0.00145147 ,1.03531e-09, 0.75
85.4267 ,2.71695e-08 ,1.51469e-09, 0.75
164.424 ,6.55792e-10 ,0.0608328, 0.75
122.904 ,7.56375e-05 ,0.0342831, 0.75
153.449 ,1.18559e-10 ,5.61007e-05, 0.75
116.022 ,5.21848e-07 ,5.08742e-07, 0.75
97.2674 ,4.05824e-10 ,1.84717e-10, 0.75
91.0675 ,0.0137166 ,0.000291755, 0.75
99.7626 ,1.44997e-09 ,6.56122e-06, 0.75
75.7985 ,2.3243e-05 ,0.00314926, 0.75
92.6284 ,6.03599e-08 ,8.41312e-10, 0.75
97.903 ,1.44468e-09 ,1.02548e-07, 0.75
160.289 ,3.32736e-05 ,0.00569975, 0.75
166.018 ,3.84679e-09 ,0.00160417, 0.75
91.0675 ,0.014838 ,7.43951e-07, 0.75
89.8512 ,1.21741e-05 ,8.84985e-06, 0.75
91.0675 ,0.0503102 ,0.00593492, 0.75
163.976 ,1.80167e-10 ,0.0225758, 0.75
91.0675 ,0.0412184 ,8.45625e-10, 0.75
164.653 ,1.19898e-06 ,0.0270821, 0.75
86.4591 ,3.39657e-06 ,7.78247e-06, 0.75
164.176 ,1.4902e-08 ,0.0186094, 0.75
91.0675 ,0.0035117 ,8.46725e-05, 0.75
91.0675 ,4.08308e-05 ,5.05602e-10, 0.75
97.547 ,1.20367e-07 ,9.05175e-10, 0.75
91.0675 ,0.00557115 ,3.55698e-07, 0.75
91.0675 ,0.0776773 ,0.00257628, 0.75
163.044 ,6.68344e-06 ,0.0105672, 0.75
96.8356 ,6.42554e-06 ,2.04269e-06, 0.75
97.7631 ,9.28192e-10 ,6.82569e-09, 0.75
91.0675 ,0.000224313 ,2.05039e-05, 0.75
91.0675 ,0.0806373 ,0.000196207, 0.75
91.0675 ,0.000739405 ,1.28473e-07, 0.75
91.0675 ,0.00273253 ,1.32588e-10, 0.75
91.0675 ,0.00754122 ,0.000157203, 0.75
107.713 ,0.00317239 ,0.0324919, 0.75
98.5569 ,5.16168e-09 ,1.45023e-07, 0.75
91.0676 ,1.3203e-05 ,2.31379e-06, 0.75
91.0675 ,4.81316e-05 ,2.78372e-06, 0.75
91.0675 ,2.50894e-05 ,8.46046e-08, 0.75
164.344 ,4.43762e-10 ,0.00917506, 0.75
165.935 ,8.03961e-10 ,0.000993751, 0.75
101.355 ,1.34183e-07 ,1.92082e-09, 0.75
97.8322 ,1.06531e-10 ,2.31558e-06, 0.75
98.1382 ,8.61846e-09 ,1.71129e-08, 0.75
91.0675 ,2.90782e-05 ,9.59892e-10, 0.75
91.0675 ,0.000171755 ,5.36904e-08, 0.75
163.772 ,6.22648e-07 ,0.0512375, 0.75
87.7039 ,1.61318e-05 ,9.98457e-06, 0.75
91.0675 ,0.0647807 ,0.00141927, 0.75
166.818 ,1.11941e-08 ,0.000113374, 0.75
91.0675 ,0.00468108 ,7.65619e-10, 0.75
165.934 ,1.8382e-10 ,0.00184162, 0.75
85.9949 ,0.000161804 ,0.000714188, 0.75
104.667 ,0.000413869 ,0.0075848, 0.75
164.192 ,3.39918e-08 ,0.0208494, 0.75
97.6537 ,4.00902e-07 ,1.45005e-06, 0.75
97.2743 ,1.02593e-08 ,1.95427e-09, 0.75
163.728 ,2.16116e-10 ,0.0413677, 0.75
98.6618 ,1.34602e-10 ,4.38652e-06, 0.75
87.8483 ,1.8793e-06 ,2.54257e-07, 0.75
91.0675 ,0.0327329 ,2.48547e-07, 0.75
91.0675 ,8.27606e-05 ,3.0311e-08, 0.75
163.523 ,7.05693e-08 ,0.0803376, 0.75
91.0675 ,0.00262378 ,1.247e-06, 0.75
132.513 ,6.32127e-07 ,7.21915e-08, 0.75
91.0675 ,0.0824777 ,2.16437e-10, 0.75
91.0675 ,0.00368375 ,8.42161e-06, 0.75
91.0675 ,0.0218815 ,1.34028e-09, 0.75
91.0675 ,0.00421057 ,0.000140768, 0.75
90.2742 ,1.79078e-06 ,3.49914e-07, 0.75
166.177 ,2.2514e-09 ,0.000771295, 0.75
91.0675 ,0.000702585 ,1.22195e-05, 0.75
103.999 ,1.55338e-06 ,2.84817e-06, 0.75
82.1087 ,4.559e-08 ,1.67309e-07, 0.75
91.0675 ,0.0187199 ,1.22254e-10, 0.75
167.482 ,2.64084e-07 ,0.00018808, 0.75
97.2123 ,3.50955e-10 ,4.09228e-08, 0.75
166.769 ,1.09392e-09 ,0.000304633, 0.75
86.7617 ,1.56518e-07 ,1.08244e-05, 0.75
165.491 ,3.55703e-09 ,0.00222517, 0.75
167.52 ,3.23158e-07 ,0.000669742, 0.75
97.4899 ,6.94382e-10 ,2.15779e-09, 0.75
163.852 ,7.82657e-09 ,0.0647841, 0.75
115.44 ,1.26033e-06 ,3.38383e-06, 0.75
91.0675 ,0.0194008 ,0.00035437, 0.75
89.8803 ,1.26171e-05 ,1.84542e-05, 0.75
98.492 ,7.21799e-09 ,3.7421e-08, 0.75
88.3988 ,5.67454e-08 ,1.03284e-07, 0.75
97.4073 ,6.57778e-10 ,5.35062e-10, 0.75
89.1452 ,1.57117e-07 ,3.40644e-10, 0.75
91.0675 ,0.000133338 ,6.4426e-08, 0.75
119.13 ,0.000232997 ,0.0263346, 0.75
98.3291 ,2.10137e-10 ,3.12194e-06, 0.75
99.4603 ,7.06124e-10 ,6.11919e-06, 0.75
91.0641 ,0.00421198 ,0.00135585, 0.75
35.9622 ,1.36641e-05 ,0.00245088, 0.75
98.826 ,3.93568e-09 ,5.63802e-07, 0.75
91.0675 ,2.47316e-05 ,1.25325e-07, 0.75
91.0675 ,0.00843827 ,1.85067e-09, 0.75
91.0675 ,0.000614662 ,1.64818e-05, 0.75
107.713 ,0.00097985 ,0.0110564, 0.75
91.0675 ,0.0435162 ,2.37819e-08, 0.75
97.2871 ,1.05842e-08 ,2.03647e-08, 0.75
165.47 ,7.7442e-09 ,0.00257921, 0.75
91.0675 ,0.000659342 ,3.63014e-09, 0.75
166.419 ,1.11392e-10 ,0.000463243, 0.75
107.566 ,0.000546536 ,0.000344675, 0.75
98.0024 ,1.07483e-08 ,1.67595e-06, 0.75
91.0675 ,5.12617e-06 ,2.21969e-09, 0.75
166.09 ,8.60129e-06 ,0.0207262, 0.75
91.0675 ,5.45502e-05 ,2.01928e-06, 0.75
97.8458 ,9.00097e-09 ,4.12786e-10, 0.75
138.884 ,8.93002e-07 ,7.96578e-05, 0.75
71.7048 ,1.15107e-05 ,1.99962e-05, 0.75
167.002 ,7.382e-08 ,0.00019376, 0.75
102.069 ,3.29188e-09 ,1.07094e-05, 0.75
98.5605 ,6.34541e-09 ,3.52737e-08, 0.75
91.0675 ,0.0157329 ,1.39632e-09, 0.75
98.9768 ,3.45751e-09 ,1.62981e-06, 0.75
97.8535 ,8.93923e-09 ,8.40031e-10, 0.75
91.0675 ,0.0241542 ,3.05681e-10, 0.75
93.2739 ,0.000412152 ,0.0415565, 0.75
97.6097 ,6.29425e-10 ,4.06445e-07, 0.75
164.487 ,8.00281e-09 ,0.0124529, 0.75
164.474 ,1.68415e-08 ,0.0124524, 0.75
114.184 ,7.78076e-07 ,1.6501e-07, 0.75
97.4572 ,6.79757e-10 ,1.58382e-09, 0.75
91.0675 ,0.000114293 ,4.52469e-08, 0.75
91.1319 ,0.00369879 ,0.0294404, 0.75
97.9089 ,1.60542e-09 ,3.77917e-08, 0.75
91.0675 ,0.0847789 ,9.98649e-09, 0.75
166.797 ,2.0975e-10 ,0.000262936, 0.75
94.0975 ,1.58926e-08 ,1.88524e-09, 0.75
165.048 ,3.0043e-06 ,0.0150294, 0.75
91.0675 ,0.0023223 ,6.62643e-09, 0.75
97.9699 ,1.75765e-09 ,2.26811e-09, 0.75
91.0675 ,1.41984e-05 ,3.767e-08, 0.75
93.253 ,2.41439e-06 ,2.77699e-09, 0.75
166.999 ,2.16544e-09 ,0.000209209, 0.75
91.0675 ,0.0001254 ,1.84575e-06, 0.75
86.8061 ,1.14889e-06 ,1.34343e-08, 0.75
98.3008 ,6.03059e-09 ,9.98911e-10, 0.75
91.0675 ,0.000455366 ,8.54133e-06, 0.75
91.0675 ,6.43247e-05 ,5.6645e-10, 0.75
98.4044 ,5.38949e-09 ,3.1137e-09, 0.75
98.5538 ,5.38224e-09 ,2.85385e-07, 0.75
89.4311 ,3.46721e-07 ,5.90794e-05, 0.75
165.913 ,1.434e-09 ,0.00157927, 0.75
165.884 ,1.87785e-09 ,0.00112444, 0.75
97.5137 ,1.10349e-07 ,1.9862e-08, 0.75
91.0675 ,6.00546e-06 ,5.33187e-09, 0.75
91.0675 ,0.0326011 ,1.21799e-08, 0.75
97.6153 ,1.01297e-09 ,1.65924e-09, 0.75
98.4006 ,2.90673e-09 ,2.04671e-07, 0.75
92.3732 ,0.00154841 ,0.0102279, 0.75
91.062 ,3.85146e-06 ,6.8033e-10, 0.75
91.0675 ,0.00415728 ,0.000286966, 0.75
113.557 ,1.03542e-06 ,0.000249052, 0.75
74.0335 ,1.26127e-06 ,1.6547e-08, 0.75
166.865 ,1.12132e-08 ,0.000106453, 0.75
114.92 ,9.51878e-07 ,9.94684e-07, 0.75
164.794 ,6.93475e-05 ,0.0324598, 0.75
91.0675 ,6.74269e-05 ,3.82591e-06, 0.75
87.297 ,0.000108838 ,0.00962806, 0.75
91.0675 ,0.000163369 ,3.1576e-07, 0.75
97.4805 ,4.81142e-10 ,7.72002e-08, 0.75
85.4487 ,2.74796e-08 ,6.39093e-08, 0.75
91.0675 ,0.00604536 ,8.33731e-05, 0.75
91.0675 ,0.0133193 ,0.00242639, 0.75
72.7205 ,0.000336197 ,0.0249761, 0.75
91.0675 ,0.0168807 ,2.50939e-10, 0.75
91.0675 ,2.5868e-05 ,3.85908e-09, 0.75
97.6533 ,1.61892e-10 ,1.00034e-06, 0.75
168.678 ,5.90308e-06 ,0.00362572, 0.75
91.0675 ,0.0176618 ,0.000107476, 0.75
93.3266 ,1.25058e-05 ,1.05557e-05, 0.75
91.0803 ,8.98055e-06 ,1.46011e-06, 0.75
91.0675 ,0.0857174 ,0.000566254, 0.75
87.0664 ,5.4003e-08 ,4.54852e-07, 0.75
98.6619 ,3.28033e-09 ,8.84437e-07, 0.75
91.0675 ,3.20981e-05 ,1.49056e-10, 0.75
103.657 ,3.84956e-08 ,2.02412e-05, 0.75
103.987 ,1.09868e-10 ,1.63783e-05, 0.75
91.0675 ,0.0539187 ,9.97745e-06, 0.75
91.0675 ,9.87857e-05 ,2.7447e-08, 0.75
167.079 ,1.04028e-07 ,9.76186e-05, 0.75
87.4432 ,2.96086e-05 ,3.60132e-05, 0.75
96.2561 ,1.4102e-08 ,2.37124e-06, 0.75
91.0675 ,0.0191391 ,2.60246e-09, 0.75
91.0675 ,0.00443314 ,3.18107e-08, 0.75
87.8135 ,5.5097e-06 ,0.000308897, 0.75
166.878 ,2.61982e-10 ,0.00016562, 0.75
91.0675 ,0.000945592 ,1.93874e-06, 0.75
91.1319 ,1.36769e-05 ,0.000105503, 0.75
73.7496 ,1.56968e-06 ,2.57212e-08, 0.75
91.0675 ,0.0337427 ,3.10164e-09, 0.75
104.339 ,1.59231e-06 ,4.54046e-07, 0.75
91.0675 ,0.0194343 ,2.49373e-09, 0.75
91.0675 ,6.40445e-06 ,8.37675e-08, 0.75
95.4238 ,2.2659e-07 ,2.64137e-06, 0.75
94.6208 ,1.45655e-08 ,7.25441e-09, 0.75
98.3013 ,1.3317e-10 ,3.56813e-06, 0.75
97.6304 ,3.73739e-10 ,6.38448e-07, 0.75
163.799 ,3.70822e-08 ,0.0886312, 0.75
91.0675 ,0.0138916 ,1.01516e-09, 0.75
163.691 ,3.55256e-07 ,0.0837191, 0.75
135.395 ,1.63054e-09 ,4.65899e-05, 0.75
100.145 ,1.28836e-08 ,8.58905e-06, 0.75
91.0675 ,4.42292e-06 ,4.534e-09, 0.75
91.0675 ,0.0465347 ,0.00181057, 0.75
91.0675 ,0.000321961 ,1.70379e-07, 0.75
166.26 ,9.39616e-08 ,0.00159945, 0.75
85.6264 ,1.01973e-06 ,1.40132e-06, 0.75
91.4173 ,1.12746e-06 ,4.03258e-07, 0.75
107.578 ,6.5955e-09 ,2.08641e-05, 0.75
91.0675 ,2.06546e-05 ,6.41948e-07, 0.75
165.414 ,1.18433e-08 ,0.0025457, 0.75
91.0675 ,0.0068507 ,5.05335e-09, 0.75
91.0675 ,0.0082566 ,3.74831e-07, 0.75
93.0189 ,3.20621e-07 ,5.67283e-07, 0.75
71.9734 ,1.54262e-05 ,0.000329075, 0.75
165.015 ,1.37965e-09 ,0.00416109, 0.75
91.0675 ,0.00195574 ,1.50975e-09, 0.75
164.293 ,8.02469e-10 ,0.0199097, 0.75
91.0675 ,1.56535e-05 ,3.70864e-10, 0.75
98.6011 ,5.84841e-09 ,3.176e-08, 0.75
91.0675 ,0.00177049 ,4.6781e-06, 0.75
97.4256 ,7.08041e-10 ,3.34817e-10, 0.75
98.3846 ,2.30331e-09 ,3.10545e-08, 0.75
88.3331 ,6.27657e-08 ,1.0764e-05, 0.75
166.334 ,6.55639e-09 ,0.000388207, 0.75
163.305 ,6.49053e-10 ,6.21943e-05, 0.75
91.0675 ,0.000604346 ,8.78115e-05, 0.75
91.0675 ,6.13644e-05 ,3.62016e-07, 0.75
165.37 ,6.43492e-07 ,0.00558314, 0.75
91.0675 ,6.08408e-06 ,1.65632e-08, 0.75
167.061 ,6.61916e-08 ,0.000156221, 0.75
91.0675 ,0.000174822 ,1.02256e-08, 0.75
91.0675 ,0.00368669 ,3.86596e-09, 0.75
79.2659 ,4.3447e-05 ,0.00143118, 0.75
69.869 ,0.000505472 ,0.041191, 0.75
91.8952 ,1.07785e-05 ,3.44062e-05, 0.75
91.0675 ,0.020819 ,2.09319e-06, 0.75
163.948 ,5.26667e-08 ,0.034115, 0.75
97.3593 ,2.99061e-10 ,1.1171e-08, 0.75
87.1811 ,2.18933e-07 ,3.54553e-10, 0.75
97.1608 ,1.62141e-10 ,9.79965e-10, 0.75
166.104 ,2.07896e-08 ,0.00119128, 0.75
101.183 ,0.0394329 ,0.0399445, 0.75
91.0642 ,3.71824e-06 ,2.68168e-07, 0.75
120.586 ,3.78679e-09 ,3.62594e-05, 0.75
91.0675 ,2.62489e-05 ,1.14489e-08, 0.75
103.448 ,0.0176927 ,0.0146864, 0.75
91.0675 ,7.12536e-05 ,1.23139e-06, 0.75
91.0675 ,3.34057e-05 ,1.33387e-08, 0.75
81.5058 ,3.42347e-08 ,3.4932e-06, 0.75
166.727 ,2.23859e-08 ,9.40255e-05, 0.75
163.342 ,4.62331e-09 ,0.0443374, 0.75
92.0502 ,1.86452e-08 ,2.24073e-09, 0.75
168.579 ,9.96824e-07 ,0.00113671, 0.75
103.681 ,4.81528e-05 ,0.000786024, 0.75
92.7959 ,0.0564271 ,0.0996575, 0.75
44.1313 ,0.000166776 ,0.033171, 0.75
91.0675 ,0.0148275 ,2.18997e-07, 0.75
97.5336 ,6.46885e-10 ,1.1819e-08, 0.75
96.5441 ,0.0197993 ,0.0691745, 0.75
87.3014 ,3.17034e-07 ,1.74764e-10, 0.75
91.1319 ,0.00172391 ,0.0152278, 0.75
97.7383 ,1.3845e-06 ,3.13851e-07, 0.75
91.0675 ,0.00014947 ,1.6027e-09, 0.75
107.713 ,0.00396218 ,0.0374278, 0.75
164.326 ,9.08886e-09 ,0.0120411, 0.75
166.861 ,1.05077e-08 ,0.000217629, 0.75
166.763 ,2.37905e-09 ,0.00025518, 0.75
97.768 ,7.18698e-08 ,2.47509e-06, 0.75
164.552 ,2.12331e-09 ,0.00683671, 0.75
91.0675 ,0.00231374 ,1.06197e-09, 0.75
87.2304 ,2.42208e-06 ,0.000185392, 0.75
94.2922 ,4.42639e-07 ,4.33983e-06, 0.75
165.955 ,5.77321e-10 ,0.00172547, 0.75
89.0867 ,5.71841e-08 ,3.92976e-07, 0.75
70.7988 ,1.40287e-05 ,0.0121743, 0.75
167.417 ,2.9217e-07 ,0.00017328, 0.75
91.0675 ,0.000985342 ,1.18079e-10, 0.75
163.378 ,9.47609e-08 ,0.0337908, 0.75
91.0675 ,0.00206679 ,6.67159e-08, 0.75
165.675 ,1.02474e-09 ,0.00187166, 0.75
120.005 ,8.38509e-07 ,8.79354e-07, 0.75
93.2264 ,0.000132084 ,0.00259688, 0.75
98.0885 ,1.53505e-07 ,3.66157e-06, 0.75
165.773 ,1.94507e-08 ,0.00182289, 0.75
165.48 ,2.8378e-09 ,0.00295062, 0.75
93.6676 ,4.64778e-06 ,3.87519e-05, 0.75
91.0675 ,0.0440391 ,1.83856e-06, 0.75
91.0675 ,0.000363514 ,6.16823e-10, 0.75
101.307 ,7.73057e-08 ,2.32563e-05, 0.75
91.0675 ,0.0697197 ,2.59187e-10, 0.75
164.996 ,1.08255e-07 ,0.00487412, 0.75
91.1034 ,3.35126e-06 ,5.29557e-08, 0.75
92.1259 ,1.58864e-05 ,5.09292e-06, 0.75
91.0675 ,0.0422798 ,5.49644e-05, 0.75
91.0675 ,0.0418823 ,8.68781e-10, 0.75
79.2084 ,1.604e-07 ,3.60255e-09, 0.75
91.0675 ,0.0337451 ,6.21713e-08, 0.75
166.01 ,1.31453e-10 ,0.000726158, 0.75
164.963 ,4.16196e-07 ,0.00535964, 0.75
91.0675 ,0.00798324 ,4.13972e-05, 0.75
91.0675 ,2.93501e-05 ,4.9174e-10, 0.75
164.316 ,2.52544e-10 ,0.0282022, 0.75
97.7941 ,2.51069e-10 ,1.36966e-06, 0.75
93.4327 ,1.06261e-06 ,9.03381e-07, 0.75
77.9052 ,0.000402143 ,0.0132121, 0.75
92.3732 ,0.000819634 ,0.00542209, 0.75
97.81 ,1.52524e-09 ,4.1005e-10, 0.75
98.1108 ,2.20829e-09 ,2.28469e-09, 0.75
98.9826 ,1.40168e-07 ,2.41128e-09, 0.75
80.9752 ,4.50157e-08 ,2.14864e-06, 0.75
107.713 ,0.000262041 ,0.00270219, 0.75
91.0675 ,0.0927524 ,2.69203e-10, 0.75
91.0675 ,2.00663e-05 ,1.04758e-10, 0.75
91.0675 ,0.0251257 ,8.06896e-06, 0.75
92.7959 ,0.00411038 ,0.00721683, 0.75
97.2664 ,0.000783125 ,0.031211, 0.75
91.9789 ,0.000458928 ,0.0206759, 0.75
97.1939 ,2.99947e-10 ,3.97744e-08, 0.75
91.0675 ,0.000160145 ,6.85217e-10, 0.75
163.725 ,3.70649e-10 ,0.057106, 0.75
98.6884 ,0.00373817 ,0.00846525, 0.75
93.7886 ,1.60929e-08 ,2.36263e-08, 0.75
86.0627 ,2.64564e-08 ,5.24829e-09, 0.75
92.8811 ,1.41881e-06 ,3.89172e-10, 0.75
91.0675 ,6.33624e-05 ,2.62741e-08, 0.75
91.0675 ,0.0604403 ,6.17292e-05, 0.75
97.2384 ,3.32652e-10 ,5.53234e-10, 0.75
91.0675 ,0.00144868 ,3.96584e-05, 0.75
99.4704 ,2.08236e-06 ,2.56558e-05, 0.75
76.3672 ,0.00706749 ,0.0038381, 0.75
166.816 ,7.24731e-08 ,0.000311118, 0.75
91.0675 ,0.00242658 ,1.27452e-05, 0.75
91.0675 ,9.08241e-06 ,9.20974e-07, 0.75
164.559 ,9.32656e-08 ,0.0095473, 0.75
166.254 ,1.98061e-09 ,0.00058195, 0.75
97.1384 ,1.68549e-10 ,1.64904e-10, 0.75
110.294 ,5.58375e-06 ,0.000568037, 0.75
166.855 ,8.06899e-10 ,0.000129813, 0.75
91.1319 ,0.000237335 ,0.00166163, 0.75
164.405 ,9.6654e-09 ,0.00946539, 0.75
91.0675 ,0.000482921 ,3.26473e-10, 0.75
95.0304 ,1.22647e-05 ,0.001595, 0.75
82.9602 ,2.31379e-05 ,4.95477e-05, 0.75
85.8 ,0.000909972 ,0.0247461, 0.75
97.1389 ,1.59798e-10 ,3.64112e-10, 0.75
165.717 ,5.27544e-08 ,0.00213375, 0.75
91.0675 ,7.4146e-05 ,3.83258e-10, 0.75
97.7373 ,9.47012e-10 ,9.88146e-09, 0.75
91.0675 ,1.84566e-05 ,1.69996e-09, 0.75
94.9641 ,1.42197e-06 ,1.79333e-10, 0.75
91.0675 ,0.00280171 ,2.40672e-07, 0.75
98.0792 ,2.29675e-09 ,1.68109e-10, 0.75
93.9812 ,1.07009e-07 ,5.82475e-06, 0.75
122.533 ,0.000120906 ,0.0243575, 0.75
92.9597 ,9.64287e-08 ,1.97965e-08, 0.75
93.0934 ,6.61947e-06 ,1.54664e-05, 0.75
97.352 ,5.66387e-10 ,2.12958e-10, 0.75
166.551 ,2.16471e-08 ,0.000433605, 0.75
91.0675 ,0.00615462 ,3.56333e-09, 0.75
166.823 ,7.36888e-08 ,7.65866e-05, 0.75
93.1884 ,3.44388e-06 ,0.000137692, 0.75
110.767 ,3.44908e-09 ,2.61746e-05, 0.75
91.0675 ,0.00159625 ,1.72172e-06, 0.75
91.0675 ,0.0377633 ,1.00381e-07, 0.75
96.5441 ,5.70402e-05 ,0.000191067, 0.75
91.0641 ,0.0067914 ,0.00222511, 0.75
91.0675 ,0.00214167 ,2.14542e-07, 0.75
95.8261 ,1.37145e-08 ,8.45168e-07, 0.75
163.799 ,1.61215e-06 ,0.0777442, 0.75
75.0914 ,2.5883e-05 ,0.0174865, 0.75
91.0675 ,0.000531861 ,3.60471e-09, 0.75
92.7884 ,6.52926e-08 ,4.22503e-09, 0.75
98.2773 ,2.10088e-09 ,2.51407e-07, 0.75
58.1212 ,2.64099e-05 ,0.00677294, 0.75
97.3126 ,1.10145e-08 ,1.48032e-08, 0.75
98.1246 ,2.32293e-09 ,1.83065e-09, 0.75
91.0675 ,0.0018062 ,3.61819e-06, 0.75
85.2725 ,2.75035e-08 ,6.79162e-10, 0.75
91.0675 ,0.000184515 ,1.3536e-08, 0.75
91.0641 ,0.0014757 ,0.000385599, 0.75
166.669 ,3.0396e-09 ,0.000245937, 0.75
91.0675 ,0.000189889 ,1.75073e-05, 0.75
40.724 ,2.21192e-06 ,0.000437833, 0.75
104.801 ,1.73272e-09 ,1.72528e-05, 0.75
95.1855 ,2.07911e-08 ,8.90912e-06, 0.75
91.0675 ,0.0013322 ,7.69187e-08, 0.75
164.462 ,6.49135e-09 ,0.0143486, 0.75
91.0675 ,4.37534e-06 ,2.44379e-07, 0.75
167.155 ,2.57848e-07 ,0.000674317, 0.75
91.2596 ,1.90364e-07 ,2.11307e-10, 0.75
88.4314 ,3.62171e-07 ,2.16282e-06, 0.75
93.488 ,3.93541e-07 ,2.72734e-07, 0.75
167.543 ,7.40149e-07 ,0.000163279, 0.75
91.0675 ,4.65492e-06 ,6.12251e-09, 0.75
166.84 ,1.288e-10 ,8.66692e-05, 0.75
91.0683 ,1.48549e-05 ,3.0565e-06, 0.75
101.294 ,4.50522e-09 ,8.88687e-06, 0.75
91.0675 ,9.17855e-05 ,2.14299e-10, 0.75
91.0675 ,0.00107598 ,8.44919e-07, 0.75
82.7959 ,1.29204e-07 ,1.6514e-08, 0.75
166.632 ,2.26576e-07 ,0.00129789, 0.75
167.055 ,1.8082e-06 ,0.0034731, 0.75
91.0805 ,7.44528e-06 ,1.18101e-06, 0.75
81.6679 ,5.06956e-08 ,4.14565e-06, 0.75
166.99 ,5.29675e-08 ,0.000179205, 0.75
80.7224 ,2.41696e-07 ,1.12244e-06, 0.75
91.0803 ,5.32621e-06 ,5.19836e-07, 0.75
91.0675 ,0.0347998 ,4.49641e-07, 0.75
166.991 ,1.58596e-07 ,0.000571355, 0.75
91.0675 ,0.000701098 ,1.24581e-07, 0.75
91.0675 ,0.000827369 ,1.1464e-07, 0.75
100.692 ,4.25539e-09 ,7.31371e-06, 0.75
166.866 ,3.1467e-08 ,8.30102e-05, 0.75
103.772 ,0.0101587 ,0.0271972, 0.75
164.44 ,3.3957e-09 ,0.0132817, 0.75
91.0675 ,1.85276e-05 ,1.21124e-06, 0.75
88.967 ,4.45267e-07 ,2.68618e-08, 0.75
93.7762 ,0.013362 ,0.0386966, 0.75
91.0675 ,0.0234751 ,4.2914e-08, 0.75
91.0675 ,0.000361639 ,3.97935e-06, 0.75
166.838 ,8.03275e-09 ,7.26103e-05, 0.75
95.0026 ,8.55259e-08 ,4.78822e-06, 0.75
91.0675 ,0.0507173 ,4.13051e-09, 0.75
91.0675 ,0.000168343 ,2.52062e-09, 0.75
97.4823 ,7.36529e-10 ,1.55963e-09, 0.75
91.0675 ,0.00656342 ,2.36171e-05, 0.75
97.3632 ,1.32206e-05 ,4.77738e-06, 0.75
166.158 ,9.68168e-07 ,0.00358711, 0.75
164.171 ,2.18443e-07 ,0.0157366, 0.75
85.2577 ,0.00188107 ,0.00850062, 0.75
82.0701 ,4.55367e-08 ,4.83447e-09, 0.75
168.382 ,1.42443e-06 ,0.00167791, 0.75
83.271 ,4.93119e-08 ,1.34037e-09, 0.75
91.0675 ,0.000356899 ,3.26919e-08, 0.75
165.594 ,1.21577e-07 ,0.00241122, 0.75
165.481 ,4.15779e-10 ,0.0026727, 0.75
98.3564 ,2.17885e-09 ,2.92749e-07, 0.75
87.164 ,4.89551e-07 ,2.59859e-06, 0.75
91.0675 ,0.00121456 ,2.7859e-05, 0.75
91.0675 ,0.00030072 ,1.06562e-06, 0.75
163.225 ,2.8363e-09 ,0.0623055, 0.75
164.173 ,2.23775e-06 ,0.0727174, 0.75
91.0675 ,0.00567143 ,3.73845e-07, 0.75
164.41 ,2.49802e-08 ,0.00782464, 0.75
91.0675 ,0.000463036 ,8.6595e-05, 0.75
91.0675 ,0.00118201 ,4.4707e-08, 0.75
107.713 ,5.85565e-05 ,0.000611585, 0.75
165.3 ,4.22825e-08 ,0.00295714, 0.75
163.685 ,1.25343e-07 ,0.088616, 0.75
97.3979 ,5.37992e-10 ,1.8286e-09, 0.75
98.5761 ,3.11174e-09 ,3.24033e-07, 0.75
91.0675 ,0.00206189 ,0.000205136, 0.75
96.6577 ,1.22051e-08 ,8.64866e-07, 0.75
166.516 ,5.60417e-09 ,0.000410657, 0.75
98.4395 ,5.33549e-09 ,4.52265e-08, 0.75
95.9891 ,1.27324e-08 ,2.68601e-09, 0.75
91.0675 ,0.0280446 ,6.94086e-05, 0.75
93.426 ,1.63707e-08 ,1.4798e-08, 0.75
164.534 ,2.55921e-09 ,0.00794226, 0.75
91.0675 ,6.89672e-06 ,2.42186e-08, 0.75
166.837 ,1.23281e-09 ,8.35523e-05, 0.75
91.0675 ,4.29286e-06 ,1.46171e-08, 0.75
91.0675 ,0.0911129 ,6.26749e-07, 0.75
165.654 ,1.15678e-09 ,0.0024884, 0.75
91.0675 ,0.00306292 ,0.000105807, 0.75
96.5441 ,0.00117651 ,0.00388601, 0.75
98.4326 ,4.16616e-09 ,2.74308e-09, 0.75
164.301 ,5.29895e-08 ,0.0270904, 0.75
166.371 ,1.35157e-05 ,0.0257523, 0.75
165.805 ,5.17391e-10 ,0.00148267, 0.75
168.042 ,1.21199e-06 ,0.000709631, 0.75
98.4919 ,1.35146e-10 ,3.55253e-06, 0.75
91.0675 ,0.000319313 ,1.54615e-07, 0.75
97.2412 ,2.16907e-10 ,2.13255e-09, 0.75
91.0675 ,3.71508e-05 ,1.57872e-08, 0.75
91.0675 ,0.0824409 ,3.07123e-05, 0.75
91.1319 ,0.000505145 ,0.00458174, 0.75
86.6307 ,1.09029e-05 ,1.5811e-05, 0.75
164.623 ,4.80123e-07 ,0.0121116, 0.75
94.6455 ,9.85911e-07 ,1.5836e-06, 0.75
109.499 ,1.73414e-06 ,8.97725e-06, 0.75
91.0675 ,0.00847625 ,0.00138858, 0.75
91.0675 ,0.0190222 ,4.10076e-05, 0.75
83.3419 ,2.44147e-06 ,1.23766e-06, 0.75
91.0675 ,0.0642599 ,2.07047e-10, 0.75
91.0675 ,0.0254936 ,5.2284e-07, 0.75
68.035 ,1.86046e-06 ,0.00020744, 0.75
98.105 ,1.30209e-09 ,4.88567e-07, 0.75
103.448 ,0.000911864 ,0.000783301, 0.75
113.421 ,3.67677e-10 ,2.96563e-05, 0.75
166.1 ,1.96351e-08 ,0.0010514, 0.75
164.36 ,4.09445e-07 ,0.0104177, 0.75
91.0675 ,2.82274e-05 ,4.34724e-09, 0.75
84.8771 ,0.000229335 ,0.000333534, 0.75
98.1552 ,2.54122e-09 ,2.22472e-10, 0.75
112.373 ,1.99258e-06 ,4.54528e-10, 0.75
96.9647 ,1.15365e-08 ,1.87991e-07, 0.75
91.0675 ,0.000450321 ,9.83453e-09, 0.75
91.0675 ,0.000176444 ,2.98011e-07, 0.75
91.0675 ,0.00860195 ,0.000112736, 0.75
91.0675 ,0.00191484 ,2.24724e-08, 0.75
164.22 ,1.35093e-10 ,0.00929367, 0.75
94.1983 ,3.84845e-05 ,9.83138e-05, 0.75
84.9713 ,2.84675e-08 ,2.63982e-08, 0.75
97.8315 ,7.64097e-08 ,3.38555e-09, 0.75
91.0675 ,0.00352568 ,0.000340418, 0.75
97.3951 ,6.04193e-10 ,9.48762e-10, 0.75
91.0675 ,0.0021799 ,2.15611e-06, 0.75
91.0675 ,0.0337444 ,0.00567797, 0.75
91.2175 ,3.9367e-06 ,0.00100971, 0.75
91.0675 ,1.51748e-05 ,1.13999e-08, 0.75
166.222 ,3.49888e-07 ,0.0024011, 0.75
167.221 ,1.36952e-07 ,0.000275505, 0.75
166.808 ,1.27749e-08 ,7.95889e-05, 0.75
91.0675 ,0.0167429 ,9.55919e-09, 0.75
108.107 ,7.09872e-07 ,8.90085e-09, 0.75
91.3312 ,1.47362e-07 ,5.68122e-10, 0.75
91.0675 ,0.00017427 ,2.46591e-06, 0.75
91.0675 ,5.89788e-06 ,1.63609e-10, 0.75
92.588 ,2.70811e-07 ,8.56548e-06, 0.75
85.4448 ,2.71736e-08 ,4.82616e-10, 0.75
167.102 ,1.0051e-06 ,0.00230528, 0.75
96.8674 ,1.06315e-07 ,3.75395e-07, 0.75
86.8316 ,2.96651e-05 ,0.00133203, 0.75
166.989 ,4.23305e-08 ,0.000107108, 0.75
163.64 ,5.31621e-09 ,0.0436741, 0.75
155.487 ,0.000127295 ,0.0219688, 0.75
91.0675 ,0.00120401 ,1.19171e-10, 0.75
119.142 ,5.23695e-07 ,2.03266e-06, 0.75
89.7708 ,1.81304e-05 ,0.000517564, 0.75
91.0675 ,0.0124883 ,3.64298e-08, 0.75
167.965 ,1.42435e-06 ,0.000647613, 0.75
91.0675 ,0.000366173 ,2.8461e-06, 0.75
165.527 ,1.20619e-07 ,0.00327185, 0.75
163.477 ,7.62716e-08 ,6.17929e-05, 0.75
97.4614 ,3.55383e-10 ,1.13042e-07, 0.75
91.0675 ,1.10819e-05 ,4.44817e-09, 0.75
91.0675 ,0.0184475 ,1.9768e-06, 0.75
77.5266 ,2.44755e-07 ,1.08787e-09, 0.75
81.5758 ,4.31618e-08 ,1.67849e-09, 0.75
166.309 ,1.07877e-09 ,0.000511794, 0.75
166.696 ,4.36171e-09 ,0.000300924, 0.75
91.0675 ,0.00128014 ,1.70539e-06, 0.75
145.97 ,1.49639e-06 ,0.00026667, 0.75
91.5187 ,4.53301e-07 ,8.52275e-06, 0.75
91.0675 ,0.0240764 ,6.21831e-06, 0.75
