0.00, 0.00, 0.00, 0.00, 
16.49, 0.83, 16.49, 0.83, 
82.34, 0.78, 82.34, 0.78, 
-108.98, 0.79, -108.98, 0.79, 
14.65, 0.84, 14.65, 0.84, 
107.05, 0.78, 107.05, 0.78, 
-106.32, 0.78, -106.32, 0.78, 
-34.04, 0.84, 0.00, 0.84, 
119.09, 0.80, 0.00, 0.79, 
-25.51, 0.76, 0.00, 0.76, 
-102.72, 0.81, 0.00, 0.82, 
42.79, 0.83, 0.00, 0.82, 
100.69, 0.77, 0.00, 0.77, 
-46.08, 0.76, 0.00, 0.77, 
-106.95, 0.80, 0.00, 0.81, 
22.52, 0.82, 0.00, 0.82, 
111.79, 0.78, 0.00, 0.78, 
20.31, 0.74, 0.00, 0.74, 
-96.32, 0.76, 0.00, 0.77, 
-73.01, 0.80, 0.00, 0.81, 
35.07, 0.80, 0.00, 0.79, 
101.63, 0.76, 0.00, 0.75, 
58.99, 0.73, 0.00, 0.73, 
-45.99, 0.72, 0.00, 0.73, 
-102.46, 0.75, 0.00, 0.76, 
-69.46, 0.77, 0.00, 0.78, 
10.14, 0.78, 0.00, 0.78, 
77.12, 0.75, 103.76, 0.74, 
96.11, 0.72, 75.61, 0.71, 
63.64, 0.69, 11.68, 0.69, 
1.67, 0.68, -43.21, 0.69, 
-57.66, 0.68, -79.95, 0.70, 
-90.99, 0.70, -92.77, 0.72, 
-92.75, 0.71, -72.96, 0.73, 
-70.64, 0.72, 0.00, 0.74, 
-36.69, 0.72, 0.00, 0.73, 
-1.11, 0.72, 0.00, 0.71, 
30.02, 0.71, 0.00, 0.69, 
54.25, 0.70, 0.00, 0.67, 
71.38, 0.68, 0.00, 0.65, 
82.30, 0.67, 0.00, 0.64, 
88.31, 0.66, 0.00, 0.63, 
90.85, 0.64, 0.00, 0.62, 
91.33, 0.63, 0.00, 0.60, 
90.95, 0.63, 0.00, 0.59, 
90.49, 0.62, 0.00, 0.59, 
90.21, 0.62, 0.00, 0.58, 
89.74, 0.61, 0.00, 0.58, 
88.20, 0.61, 0.00, 0.58, 
84.23, 0.61, 0.00, 0.58, 
76.29, 0.61, 0.00, 0.57, 
62.94, 0.61, 0.00, 0.57, 
43.20, 0.62, 0.00, 0.57, 
17.08, 0.61, 0.00, 0.57, 
-13.98, 0.61, 102.74, 0.58, 
-46.51, 0.60, 83.84, 0.58, 
-74.65, 0.59, 58.46, 0.59, 
-90.21, 0.57, 26.80, 0.59, 
-84.16, 0.54, -12.75, 0.59, 
-50.79, 0.52, -57.09, 0.58, 
4.76, 0.51, -93.50, 0.56, 
61.59, 0.51, 0.00, 0.54, 
91.74, 0.53, 0.00, 0.51, 
78.64, 0.55, 0.00, 0.50, 
26.56, 0.56, 0.00, 0.50, 
-41.50, 0.56, 0.00, 0.52, 
-89.65, 0.54, 0.00, 0.54, 
-80.45, 0.50, 0.00, 0.55, 
-5.48, 0.48, 0.00, 0.55, 
77.37, 0.49, 0.00, 0.52, 
90.20, 0.52, 0.00, 0.49, 
23.58, 0.54, 0.00, 0.47, 
-65.99, 0.54, 0.00, 0.50, 
-95.41, 0.50, 0.00, 0.53, 
-15.61, 0.47, 0.00, 0.54, 
86.81, 0.48, 0.00, 0.53, 
76.98, 0.52, 0.00, 0.49, 
-27.62, 0.54, 0.00, 0.48, 
-101.49, 0.51, 0.00, 0.51, 
-31.46, 0.46, 0.00, 0.54, 
91.43, 0.48, 0.00, 0.53, 
65.16, 0.52, -102.60, 0.48, 
-62.18, 0.53, 35.94, 0.47, 
-93.91, 0.48, 92.15, 0.51, 
47.26, 0.46, 4.65, 0.53, 
96.39, 0.51, -87.20, 0.51, 
-34.16, 0.54, -13.02, 0.47, 
-105.39, 0.49, 113.54, 0.50, 
41.56, 0.47, 0.00, 0.55, 
96.39, 0.52, 0.00, 0.53, 
-54.48, 0.54, 0.00, 0.47, 
-92.72, 0.49, 0.00, 0.50, 
86.69, 0.48, 0.00, 0.54, 
54.85, 0.54, 0.00, 0.52, 
-108.34, 0.53, 0.00, 0.49, 
-7.30, 0.48, 0.00, 0.53, 
111.02, 0.52, 0.00, 0.55, 
-61.38, 0.55, 0.00, 0.49, 
-77.11, 0.49, 0.00, 0.51, 
117.21, 0.51, 0.00, 0.57, 
-19.35, 0.56, 0.00, 0.53, 
-105.62, 0.51, 0.00, 0.50, 
112.02, 0.51, 0.00, 0.55, 
-5.09, 0.57, 0.00, 0.55, 
-111.05, 0.52, 0.00, 0.51, 
118.05, 0.52, 0.00, 0.57, 
-23.23, 0.58, 0.00, 0.56, 
-94.87, 0.52, 0.00, 0.51, 
129.94, 0.54, 94.75, 0.59, 
-72.89, 0.58, -138.14, 0.57, 
-36.29, 0.52, 50.39, 0.53, 
113.44, 0.57, 44.70, 0.59, 
-130.54, 0.57, -106.83, 0.56, 
71.78, 0.53, 115.48, 0.55, 
24.91, 0.60, -56.00, 0.61, 
-116.31, 0.55, 0.00, 0.54, 
140.34, 0.57, 0.00, 0.59, 
-112.24, 0.60, 0.00, 0.61, 
44.50, 0.54, 0.00, 0.55, 
36.84, 0.62, 0.00, 0.62, 
-116.17, 0.57, 0.00, 0.58, 
142.84, 0.60, 0.00, 0.60, 
-143.56, 0.61, 0.00, 0.62, 
111.13, 0.57, 0.00, 0.57, 
-51.70, 0.64, 0.00, 0.65, 
-13.96, 0.57, 0.00, 0.57, 
65.40, 0.64, 0.00, 0.64, 
-123.43, 0.59, 0.00, 0.62, 
142.30, 0.63, 0.00, 0.61, 
-163.86, 0.62, 0.00, 0.65, 
159.81, 0.61, 0.00, 0.60, 
-147.61, 0.65, 0.00, 0.66, 
131.91, 0.61, 0.00, 0.60, 
-105.14, 0.66, 0.00, 0.68, 
84.82, 0.60, 0.00, 0.61, 
-59.98, 0.68, 158.49, 0.67, 
40.18, 0.61, -180.03, 0.64, 
-24.84, 0.68, 156.10, 0.66, 
9.40, 0.61, -144.79, 0.66, 
-4.92, 0.69, 140.61, 0.66, 
-3.45, 0.62, -162.05, 0.67, 
-1.97, 0.70, 184.69, 0.66, 
2.94, 0.63, 0.00, 0.69, 
-16.94, 0.71, 0.00, 0.66, 
29.36, 0.63, 0.00, 0.70, 
-50.28, 0.71, 0.00, 0.66, 
74.82, 0.64, 0.00, 0.70, 
-99.87, 0.71, 0.00, 0.67, 
132.16, 0.65, 0.00, 0.70, 
-156.58, 0.71, 0.00, 0.69, 
182.77, 0.67, 0.00, 0.70, 
-198.84, 0.70, 0.00, 0.71, 
196.37, 0.70, 0.00, 0.69, 
-191.34, 0.69, 0.00, 0.73, 
142.89, 0.72, 0.00, 0.68, 
-99.92, 0.67, 0.00, 0.74, 
16.15, 0.74, 0.00, 0.69, 
63.31, 0.67, 0.00, 0.75, 
-139.48, 0.74, 0.00, 0.69, 
198.17, 0.70, 0.00, 0.75, 
-219.13, 0.72, 0.00, 0.71, 
178.05, 0.74, 0.00, 0.73, 
-111.55, 0.69, 241.18, 0.75, 
-11.69, 0.76, -184.21, 0.71, 
128.76, 0.69, 79.49, 0.77, 
-208.54, 0.75, 10.67, 0.71, 
216.43, 0.74, -113.26, 0.77, 
-157.97, 0.71, 195.38, 0.73, 
11.41, 0.77, -229.62, 0.74, 
135.24, 0.71, 0.00, 0.78, 
-226.38, 0.75, 0.00, 0.70, 
204.65, 0.76, 0.00, 0.79, 
-92.06, 0.71, 0.00, 0.73, 
-91.43, 0.78, 0.00, 0.76, 
223.00, 0.73, 0.00, 0.77, 
-227.56, 0.74, 0.00, 0.73, 
71.27, 0.78, 0.00, 0.79, 
125.97, 0.72, 0.00, 0.76, 
-244.47, 0.76, 0.00, 0.74, 
177.08, 0.78, 0.00, 0.81, 
17.35, 0.72, 0.00, 0.73, 
-211.84, 0.78, 0.00, 0.78, 
225.17, 0.77, 0.00, 0.79, 
-50.94, 0.72, 0.00, 0.74, 
-184.21, 0.79, 0.00, 0.79, 
240.91, 0.77, 0.00, 0.78, 
-69.95, 0.73, 0.00, 0.74, 
-185.38, 0.79, 0.00, 0.81, 
239.40, 0.78, 0.00, 0.78, 
-39.54, 0.73, -161.06, 0.74, 
-216.94, 0.79, -117.71, 0.82, 
213.28, 0.79, 237.06, 0.77, 
42.79, 0.73, -138.00, 0.76, 
-250.00, 0.78, -101.36, 0.81, 
136.62, 0.80, 226.29, 0.79, 
163.56, 0.74, -75.19, 0.75, 
-250.00, 0.76, 0.00, 0.82, 
-11.02, 0.81, 0.00, 0.80, 
250.00, 0.76, 0.00, 0.74, 
-137.58, 0.74, 0.00, 0.81, 
-193.10, 0.80, 0.00, 0.81, 
213.60, 0.80, 0.00, 0.76, 
104.14, 0.74, 0.00, 0.79, 
-250.00, 0.77, 0.00, 0.82, 
-15.39, 0.82, 0.00, 0.78, 
250.00, 0.77, 0.00, 0.76, 
-63.16, 0.74, 0.00, 0.83, 
-250.00, 0.79, 0.00, 0.81, 
100.67, 0.81, 0.00, 0.75, 
238.15, 0.76, 0.00, 0.80, 
-141.24, 0.75, 0.00, 0.82, 
-223.81, 0.80, 0.00, 0.78, 
135.87, 0.81, 0.00, 0.77, 
226.11, 0.76, 0.00, 0.81, 
-141.52, 0.75, 0.00, 0.83, 
-230.73, 0.80, 0.00, 0.77, 
102.53, 0.81, -227.14, 0.76, 
246.65, 0.77, -185.90, 0.83, 
-68.05, 0.74, 191.88, 0.81, 
-250.00, 0.79, 122.86, 0.77, 
-4.61, 0.82, -156.00, 0.78, 
249.75, 0.78, -171.08, 0.82, 
85.24, 0.74, 135.31, 0.83, 
-226.91, 0.76, 0.00, 0.77, 
-167.36, 0.81, 0.00, 0.75, 
138.30, 0.81, 0.00, 0.82, 
234.81, 0.76, 0.00, 0.83, 
-29.93, 0.74, 0.00, 0.78, 
-247.68, 0.77, 0.00, 0.77, 
-109.22, 0.81, 0.00, 0.79, 
167.31, 0.80, 0.00, 0.82, 
219.26, 0.76, 0.00, 0.81, 
-30.11, 0.74, 0.00, 0.76, 
-235.85, 0.77, 0.00, 0.75, 
-138.54, 0.80, 0.00, 0.81, 
115.07, 0.80, 0.00, 0.83, 
231.36, 0.76, 0.00, 0.79, 
72.31, 0.73, 0.00, 0.76, 
-172.85, 0.74, 0.00, 0.77, 
-213.85, 0.78, 0.00, 0.80, 
-32.20, 0.80, 0.00, 0.82, 
174.12, 0.78, 0.00, 0.80, 
205.22, 0.75, 0.00, 0.75, 
25.96, 0.72, -100.07, 0.74, 
-176.91, 0.74, -245.38, 0.78, 
-202.89, 0.77, -68.57, 0.81, 
-51.71, 0.79, 119.26, 0.79, 
135.43, 0.78, 162.02, 0.76, 
208.22, 0.75, 67.99, 0.74, 
105.89, 0.72, -126.01, 0.74, 
-85.25, 0.72, 0.00, 0.77, 
-200.06, 0.74, 0.00, 0.81, 
-159.89, 0.77, 0.00, 0.80, 
-12.88, 0.78, 0.00, 0.75, 
136.47, 0.76, 0.00, 0.72, 
194.24, 0.73, 0.00, 0.74, 
123.17, 0.70, 0.00, 0.76, 
-29.24, 0.70, 0.00, 0.78, 
-157.34, 0.71, 0.00, 0.78, 
-184.39, 0.74, 0.00, 0.77, 
-109.57, 0.76, 0.00, 0.73, 
16.38, 0.76, 0.00, 0.70, 
129.27, 0.74, 0.00, 0.71, 
177.61, 0.72, 0.00, 0.74, 
139.65, 0.69, 0.00, 0.76, 
34.54, 0.67, 0.00, 0.76, 
-83.60, 0.68, 0.00, 0.75, 
-158.29, 0.69, 0.00, 0.73, 
-163.54, 0.71, 0.00, 0.70, 
-107.67, 0.73, 0.00, 0.67, 
-18.18, 0.73, -140.40, 0.68, 
72.76, 0.73, -184.06, 0.71, 
137.51, 0.71, -110.29, 0.74, 
158.19, 0.68, -13.08, 0.74, 
130.07, 0.66, 58.38, 0.73, 
63.27, 0.65, 113.18, 0.71, 
-19.83, 0.64, 150.21, 0.69, 
-93.22, 0.65, 0.00, 0.66, 
-137.89, 0.66, 0.00, 0.64, 
-147.01, 0.67, 0.00, 0.65, 
-124.21, 0.68, 0.00, 0.67, 
-78.97, 0.69, 0.00, 0.69, 
-22.62, 0.69, 0.00, 0.70, 
34.15, 0.69, 0.00, 0.70, 
82.63, 0.68, 0.00, 0.70, 
116.67, 0.66, 0.00, 0.69, 
132.87, 0.64, 0.00, 0.68, 
130.52, 0.63, 0.00, 0.65, 
111.41, 0.61, 0.00, 0.62, 
79.42, 0.60, 0.00, 0.61, 
39.79, 0.59, 0.00, 0.61, 
-1.89, 0.58, 0.00, 0.62, 
-40.64, 0.58, 0.00, 0.63, 
-72.86, 0.59, 0.00, 0.63, 
-96.58, 0.59, 0.00, 0.64, 
-111.31, 0.59, 0.00, 0.65, 
-117.64, 0.60, 0.00, 0.66, 
-116.83, 0.60, -33.61, 0.66, 
-110.41, 0.61, 24.83, 0.66, 
-99.92, 0.61, 62.84, 0.64, 
-86.80, 0.61, 77.43, 0.62, 
-72.26, 0.61, 81.87, 0.61, 
-57.27, 0.61, 90.43, 0.60, 
-42.57, 0.61, 104.87, 0.59, 
-28.71, 0.61, 0.00, 0.58, 
-16.04, 0.60, 0.00, 0.56, 
-4.78, 0.60, 0.00, 0.55, 
4.97, 0.60, 0.00, 0.54, 
13.19, 0.59, 0.00, 0.54, 
19.91, 0.59, 0.00, 0.54, 
25.20, 0.58, 0.00, 0.54, 
29.13, 0.58, 0.00, 0.54, 
31.80, 0.57, 0.00, 0.53, 
33.29, 0.57, 0.00, 0.53, 
33.66, 0.57, 0.00, 0.53, 
32.97, 0.56, 0.00, 0.53, 
31.27, 0.56, 0.00, 0.54, 
28.57, 0.56, 0.00, 0.54, 
24.90, 0.55, 0.00, 0.54, 
20.27, 0.55, 0.00, 0.54, 
14.70, 0.55, 0.00, 0.54, 
8.20, 0.55, 0.00, 0.53, 
0.82, 0.54, 0.00, 0.53, 
-7.36, 0.54, 0.00, 0.53, 
-16.23, 0.54, -104.55, 0.53, 
-25.63, 0.54, -94.10, 0.53, 
-35.31, 0.53, -79.85, 0.53, 
-44.98, 0.53, -68.01, 0.53, 
-54.25, 0.52, -63.00, 0.52, 
-62.65, 0.51, -65.85, 0.52, 
-69.60, 0.51, -74.14, 0.51, 
-74.47, 0.50, 0.00, 0.50, 
-76.56, 0.49, 0.00, 0.50, 
-75.17, 0.48, 0.00, 0.50, 
-69.67, 0.47, 0.00, 0.49, 
-59.63, 0.46, 0.00, 0.49, 
-45.00, 0.45, 0.00, 0.49, 
-26.29, 0.45, 0.00, 0.49, 
-4.75, 0.44, 0.00, 0.48, 
17.67, 0.44, 0.00, 0.47, 
38.45, 0.45, 0.00, 0.46, 
55.02, 0.45, 0.00, 0.46, 
65.22, 0.46, 0.00, 0.45, 
67.68, 0.48, 0.00, 0.46, 
62.02, 0.49, 0.00, 0.46, 
48.83, 0.50, 0.00, 0.47, 
29.55, 0.51, 0.00, 0.48, 
6.32, 0.52, 0.00, 0.49, 
-18.07, 0.52, 0.00, 0.50, 
-40.35, 0.52, 0.00, 0.52, 
-56.92, 0.51, 0.00, 0.53, 
-64.23, 0.49, 51.17, 0.54, 
-59.48, 0.48, 34.50, 0.55, 
-41.79, 0.47, 16.43, 0.55, 
-13.75, 0.46, -1.32, 0.55, 
17.99, 0.46, -19.26, 0.55, 
44.59, 0.48, -37.85, 0.55, 
58.62, 0.50, -54.85, 0.54, 
56.80, 0.52, 0.00, 0.53, 
40.21, 0.54, 0.00, 0.51, 
13.26, 0.55, 0.00, 0.50, 
-17.50, 0.56, 0.00, 0.50, 
-44.24, 0.55, 0.00, 0.51, 
-58.86, 0.54, 0.00, 0.52, 
-54.93, 0.52, 0.00, 0.53, 
-31.05, 0.51, 0.00, 0.55, 
5.41, 0.51, 0.00, 0.58, 
39.26, 0.52, 0.00, 0.60, 
55.89, 0.55, 0.00, 0.62, 
49.39, 0.58, 0.00, 0.62, 
23.40, 0.60, 0.00, 0.62, 
-12.12, 0.61, 0.00, 0.60, 
-43.85, 0.60, 0.00, 0.59, 
-58.13, 0.59, 0.00, 0.58, 
-45.77, 0.57, 0.00, 0.58, 
-9.52, 0.56, 0.00, 0.58, 
31.87, 0.57, 0.00, 0.60, 
54.49, 0.60, 0.00, 0.63, 
46.88, 0.63, 46.15, 0.66, 
14.42, 0.65, 13.49, 0.68, 
-26.45, 0.66, -19.39, 0.68, 
-54.77, 0.64, -42.17, 0.67, 
-52.69, 0.62, -49.11, 0.65, 
-17.15, 0.61, -35.58, 0.64, 
30.14, 0.62, -1.00, 0.63, 
55.55, 0.65, 0.00, 0.64, 
42.86, 0.68, 0.00, 0.67, 
1.75, 0.70, 0.00, 0.70, 
-42.09, 0.70, 0.00, 0.73, 
-59.45, 0.68, 0.00, 0.73, 
-33.81, 0.65, 0.00, 0.72, 
19.08, 0.65, 0.00, 0.70, 
55.52, 0.68, 0.00, 0.69, 
46.37, 0.72, 0.00, 0.69, 
0.53, 0.74, 0.00, 0.71, 
-47.67, 0.73, 0.00, 0.74, 
-59.69, 0.71, 0.00, 0.77, 
-19.99, 0.68, 0.00, 0.78, 
38.59, 0.69, 0.00, 0.76, 
59.69, 0.73, 0.00, 0.74, 
25.61, 0.76, 0.00, 0.72, 
-32.65, 0.77, 0.00, 0.73, 
-63.90, 0.74, 0.00, 0.76, 
-34.24, 0.71, 0.00, 0.79, 
31.51, 0.71, 0.00, 0.81, 
62.68, 0.75, -72.92, 0.79, 
28.32, 0.78, -65.92, 0.75, 
-35.77, 0.78, -12.88, 0.74, 
-65.81, 0.75, 40.25, 0.75, 
-24.77, 0.72, 53.06, 0.78, 
45.24, 0.73, 17.42, 0.81, 
60.78, 0.77, -40.82, 0.81, 
6.98, 0.80, 0.00, 0.78, 
-56.12, 0.78, 0.00, 0.75, 
-56.52, 0.74, 0.00, 0.75, 
12.96, 0.73, 0.00, 0.78, 
64.62, 0.76, 0.00, 0.82, 
34.10, 0.80, 0.00, 0.82, 
-38.19, 0.80, 0.00, 0.80, 
-65.32, 0.76, 0.00, 0.77, 
-7.41, 0.73, 0.00, 0.76, 
59.68, 0.75, 0.00, 0.80, 
44.02, 0.79, 0.00, 0.83, 
-29.09, 0.80, 0.00, 0.83, 
-65.17, 0.76, 0.00, 0.79, 
-11.10, 0.73, 0.00, 0.76, 
58.09, 0.74, 0.00, 0.76, 
41.55, 0.79, 0.00, 0.80, 
-32.28, 0.79, 0.00, 0.82, 
-61.68, 0.75, 0.00, 0.80, 
0.25, 0.72, 0.00, 0.76, 
60.36, 0.74, 0.00, 0.74, 
27.72, 0.78, 73.68, 0.78, 
-44.68, 0.77, 27.42, 0.81, 
-50.91, 0.72, -38.82, 0.80, 
23.82, 0.71, -52.09, 0.76, 
57.98, 0.74, 0.14, 0.73, 
1.06, 0.77, 50.27, 0.75, 
-56.88, 0.74, 28.10, 0.79, 
-23.72, 0.69, 0.00, 0.79, 
49.49, 0.70, 0.00, 0.74, 
37.86, 0.74, 0.00, 0.70, 
-33.79, 0.74, 0.00, 0.72, 
-50.36, 0.69, 0.00, 0.76, 
21.04, 0.67, 0.00, 0.76, 
53.88, 0.70, 0.00, 0.72, 
-5.24, 0.73, 0.00, 0.69, 
-54.90, 0.69, 0.00, 0.71, 
-7.13, 0.64, 0.00, 0.74, 
53.86, 0.66, 0.00, 0.73, 
16.80, 0.70, 0.00, 0.67, 
-48.42, 0.68, 0.00, 0.65, 
-26.09, 0.62, 0.00, 0.69, 
47.03, 0.63, 0.00, 0.71, 
30.01, 0.67, 0.00, 0.68, 
-40.29, 0.66, 0.00, 0.64, 
-35.92, 0.60, 0.00, 0.64, 
40.58, 0.60, 0.00, 0.68, 
36.09, 0.64, 0.00, 0.68, 
-35.37, 0.64, -56.89, 0.62, 
-39.36, 0.58, 17.77, 0.59, 
38.20, 0.57, 53.27, 0.63, 
36.95, 0.62, 4.45, 0.66, 
-35.39, 0.61, -43.47, 0.62, 
-38.05, 0.56, -10.95, 0.58, 
40.87, 0.55, 49.71, 0.59, 
33.02, 0.60, 0.00, 0.64, 
-40.25, 0.59, 0.00, 0.62, 
-31.39, 0.53, 0.00, 0.55, 
47.29, 0.53, 0.00, 0.55, 
23.16, 0.58, 0.00, 0.60, 
-48.02, 0.56, 0.00, 0.60, 
-16.93, 0.50, 0.00, 0.55, 
53.42, 0.52, 0.00, 0.54, 
5.67, 0.56, 0.00, 0.57, 
-53.98, 0.52, 0.00, 0.59, 
7.21, 0.48, 0.00, 0.53, 
52.19, 0.52, 0.00, 0.50, 
-19.24, 0.54, 0.00, 0.56, 
-49.29, 0.49, 0.00, 0.57, 
36.74, 0.47, 0.00, 0.52, 
35.66, 0.52, 0.00, 0.50, 
-45.55, 0.52, 0.00, 0.54, 
-23.16, 0.46, 0.00, 0.55, 
56.20, 0.48, 0.00, 0.50, 
1.01, 0.52, 0.00, 0.48, 
-57.32, 0.48, 50.16, 0.54, 
23.26, 0.44, -39.89, 0.54, 
46.02, 0.50, -47.76, 0.49, 
-41.28, 0.50, 38.29, 0.48, 
-31.33, 0.44, 31.12, 0.53, 
58.13, 0.46, -43.51, 0.52, 
1.35, 0.51, -21.82, 0.47, 
-60.17, 0.47, 0.00, 0.49, 
30.38, 0.44, 0.00, 0.54, 
41.99, 0.49, 0.00, 0.50, 
-51.99, 0.49, 0.00, 0.46, 
-16.59, 0.43, 0.00, 0.50, 
62.13, 0.47, 0.00, 0.53, 
-21.38, 0.50, 0.00, 0.49, 
-53.25, 0.45, 0.00, 0.47, 
55.77, 0.45, 0.00, 0.52, 
14.68, 0.50, 0.00, 0.52, 
-66.69, 0.47, 0.00, 0.46, 
28.94, 0.44, 0.00, 0.50, 
44.71, 0.50, 0.00, 0.54, 
-60.61, 0.49, 0.00, 0.50, 
-5.30, 0.44, 0.00, 0.47, 
63.39, 0.49, 0.00, 0.52, 
-43.61, 0.51, 0.00, 0.53, 
-35.51, 0.45, 0.00, 0.48, 
70.36, 0.48, 0.00, 0.51, 
-23.08, 0.52, 0.00, 0.55, 
-56.85, 0.46, -79.45, 0.50, 
68.52, 0.47, 57.78, 0.48, 
-3.74, 0.53, 41.02, 0.55, 
-69.76, 0.48, -65.40, 0.53, 
62.09, 0.47, -2.65, 0.49, 
12.00, 0.54, 60.06, 0.54, 
-76.88, 0.50, -48.75, 0.56, 
55.04, 0.48, 0.00, 0.50, 
23.20, 0.54, 0.00, 0.53, 
-80.95, 0.51, 0.00, 0.58, 
50.30, 0.48, 0.00, 0.53, 
29.64, 0.55, 0.00, 0.52, 
-83.92, 0.52, 0.00, 0.57, 
49.67, 0.49, 0.00, 0.56, 
31.19, 0.56, 0.00, 0.52, 
-86.66, 0.53, 0.00, 0.58, 
53.96, 0.51, 0.00, 0.57, 
27.39, 0.57, 0.00, 0.52, 
-88.83, 0.54, 0.00, 0.59, 
63.08, 0.52, 0.00, 0.60, 
17.41, 0.59, 0.00, 0.54, 
-88.66, 0.54, 0.00, 0.58, 
75.64, 0.53, 0.00, 0.61, 
0.29, 0.60, 0.00, 0.56, 
-82.80, 0.55, 0.00, 0.59, 
88.50, 0.55, 0.00, 0.63, 
-24.31, 0.61, 0.00, 0.56, 
-66.70, 0.55, 112.52, 0.59, 
96.33, 0.58, -33.10, 0.64, 
-54.79, 0.62, -80.12, 0.58, 
-36.07, 0.55, 87.89, 0.60, 
92.14, 0.60, -18.31, 0.65, 
-85.88, 0.62, -68.78, 0.60, 
9.51, 0.56, 95.27, 0.61, 
69.17, 0.63, 0.00, 0.66, 
-107.04, 0.61, 0.00, 0.60, 
61.74, 0.58, 0.00, 0.62, 
24.37, 0.65, 0.00, 0.67, 
-102.87, 0.60, 0.00, 0.61, 
101.92, 0.60, 0.00, 0.64, 
-36.89, 0.66, 0.00, 0.67, 
-59.50, 0.60, 0.00, 0.62, 
107.40, 0.64, 0.00, 0.66, 
-96.16, 0.66, 0.00, 0.68, 
19.17, 0.60, 0.00, 0.62, 
64.60, 0.67, 0.00, 0.68, 
-121.15, 0.64, 0.00, 0.69, 
96.57, 0.62, 0.00, 0.63, 
-18.33, 0.69, 0.00, 0.69, 
-78.75, 0.63, 0.00, 0.69, 
119.18, 0.66, 0.00, 0.65, 
-103.47, 0.68, 0.00, 0.71, 
26.33, 0.63, 0.00, 0.68, 
59.81, 0.70, 0.00, 0.67, 
-127.83, 0.66, -12.50, 0.74, 
118.60, 0.66, -117.74, 0.67, 
-53.49, 0.71, 131.35, 0.69, 
-44.41, 0.64, -56.88, 0.73, 
109.18, 0.70, -47.47, 0.67, 
-136.13, 0.69, 107.33, 0.72, 
91.81, 0.66, -122.90, 0.73, 
-7.34, 0.73, 0.00, 0.68, 
-90.09, 0.66, 0.00, 0.75, 
132.72, 0.70, 0.00, 0.71, 
-130.57, 0.71, 0.00, 0.70, 
68.06, 0.66, 0.00, 0.76, 
19.99, 0.74, 0.00, 0.70, 
-112.10, 0.68, 0.00, 0.73, 
143.19, 0.71, 0.00, 0.75, 
-130.03, 0.73, 0.00, 0.70, 
63.24, 0.67, 0.00, 0.77, 
24.09, 0.75, 0.00, 0.73, 
-115.44, 0.69, 0.00, 0.72, 
148.11, 0.72, 0.00, 0.78, 
-141.75, 0.73, 0.00, 0.71, 
82.78, 0.69, 0.00, 0.75, 
1.98, 0.76, 0.00, 0.77, 
-96.86, 0.69, 0.00, 0.72, 
142.96, 0.74, 0.00, 0.78, 
-160.82, 0.73, 0.00, 0.73, 
122.62, 0.70, 0.00, 0.75, 
-48.89, 0.77, -134.65, 0.79, 
-44.44, 0.69, 6.20, 0.72, 
110.80, 0.76, 100.63, 0.79, 
-165.88, 0.73, -156.64, 0.76, 
161.55, 0.72, 133.63, 0.75, 
-120.48, 0.76, -76.25, 0.80, 
47.92, 0.70, -18.35, 0.73, 
31.98, 0.77, 0.00, 0.80, 
-118.10, 0.71, 0.00, 0.76, 
155.79, 0.75, 0.00, 0.75, 
-175.01, 0.75, 0.00, 0.81, 
147.11, 0.72, 0.00, 0.74, 
-87.94, 0.78, 0.00, 0.79, 
9.32, 0.71, 0.00, 0.78, 
62.16, 0.78, 0.00, 0.76, 
-138.41, 0.72, 0.00, 0.81, 
166.17, 0.76, 0.00, 0.74, 
-179.07, 0.75, 0.00, 0.81, 
152.28, 0.73, 0.00, 0.77, 
-98.67, 0.78, 0.00, 0.77, 
28.91, 0.71, 0.00, 0.81, 
38.87, 0.78, 0.00, 0.75, 
-114.92, 0.72, 0.00, 0.81, 
150.80, 0.77, 0.00, 0.77, 
-183.98, 0.75, 0.00, 0.79, 
176.56, 0.74, 0.00, 0.80, 
-149.09, 0.77, 0.00, 0.75, 
103.08, 0.72, -41.49, 0.83, 
-42.60, 0.79, -81.28, 0.75, 
-26.69, 0.71, 143.60, 0.81, 
78.74, 0.78, -171.72, 0.79, 
-140.19, 0.73, 150.81, 0.78, 
162.40, 0.77, -117.99, 0.81, 
-185.30, 0.75, 63.25, 0.75, 
176.56, 0.74, 0.00, 0.83, 
-153.90, 0.77, 0.00, 0.76, 
118.58, 0.72, 0.00, 0.81, 
-69.65, 0.79, 0.00, 0.79, 
15.35, 0.71, 0.00, 0.77, 
32.29, 0.79, 0.00, 0.82, 
-89.96, 0.72, 0.00, 0.76, 
119.33, 0.78, 0.00, 0.82, 
-160.49, 0.73, 0.00, 0.76, 
168.78, 0.76, 0.00, 0.81, 
-180.33, 0.75, 0.00, 0.78, 
171.00, 0.74, 0.00, 0.78, 
-153.39, 0.77, 0.00, 0.82, 
129.60, 0.72, 0.00, 0.75, 
-94.53, 0.78, 0.00, 0.82, 
59.10, 0.71, 0.00, 0.76, 
-21.54, 0.79, 0.00, 0.81, 
-20.53, 0.71, 0.00, 0.77, 
49.76, 0.78, 0.00, 0.79, 
-90.79, 0.71, 0.00, 0.79, 
107.79, 0.77, 173.78, 0.76, 
-139.83, 0.72, -109.10, 0.82, 
145.88, 0.76, 40.10, 0.75, 
-163.66, 0.74, 14.23, 0.82, 
161.87, 0.74, -60.88, 0.75, 
-164.27, 0.75, 87.46, 0.81, 
157.28, 0.73, -132.85, 0.76, 
-146.87, 0.76, 0.00, 0.79, 
136.16, 0.72, 0.00, 0.78, 
-117.67, 0.76, 0.00, 0.76, 
103.92, 0.70, 0.00, 0.80, 
-82.41, 0.77, 0.00, 0.74, 
66.13, 0.70, 0.00, 0.80, 
-45.73, 0.77, 0.00, 0.74, 
27.62, 0.69, 0.00, 0.80, 
-10.94, 0.76, 0.00, 0.74, 
-8.04, 0.69, 0.00, 0.80, 
19.89, 0.76, 0.00, 0.74, 
-38.71, 0.69, 0.00, 0.78, 
45.72, 0.75, 0.00, 0.76, 
-63.45, 0.68, 0.00, 0.75, 
66.29, 0.75, 0.00, 0.78, 
-82.29, 0.68, 0.00, 0.73, 
81.88, 0.74, 0.00, 0.78, 
-95.79, 0.68, 0.00, 0.72, 
93.04, 0.73, 0.00, 0.79, 
-104.79, 0.68, 0.00, 0.70, 
100.47, 0.73, 17.02, 0.79, 
-110.21, 0.68, -57.83, 0.70, 
104.89, 0.72, 74.57, 0.77, 
-112.87, 0.68, -91.44, 0.72, 
106.92, 0.71, 90.69, 0.75, 
-113.46, 0.67, -103.13, 0.72, 
107.07, 0.70, 111.20, 0.74, 
-112.47, 0.67, 0.00, 0.72, 
105.69, 0.70, 0.00, 0.72, 
-110.20, 0.66, 0.00, 0.73, 
102.98, 0.69, 0.00, 0.70, 
-106.79, 0.66, 0.00, 0.74, 
99.00, 0.69, 0.00, 0.69, 
-102.20, 0.65, 0.00, 0.73, 
93.68, 0.68, 0.00, 0.68, 
-96.27, 0.64, 0.00, 0.73, 
86.87, 0.68, 0.00, 0.67, 
-88.71, 0.63, 0.00, 0.73, 
78.35, 0.67, 0.00, 0.65, 
-79.19, 0.62, 0.00, 0.73, 
67.89, 0.67, 0.00, 0.65, 
-67.36, 0.61, 0.00, 0.71, 
55.31, 0.67, 0.00, 0.65, 
-52.95, 0.60, 0.00, 0.70, 
40.53, 0.66, 0.00, 0.64, 
-35.85, 0.59, 0.00, 0.70, 
23.67, 0.66, 0.00, 0.63, 
-16.26, 0.58, 45.50, 0.70, 
5.05, 0.65, -58.99, 0.62, 
5.21, 0.57, 56.95, 0.68, 
-14.68, 0.64, -59.99, 0.62, 
27.38, 0.57, 52.86, 0.67, 
-34.56, 0.63, -54.61, 0.62, 
48.57, 0.56, 51.79, 0.66, 
-53.23, 0.62, 0.00, 0.60, 
66.65, 0.56, 0.00, 0.66, 
-69.01, 0.61, 0.00, 0.60, 
79.33, 0.56, 0.00, 0.65, 
-79.92, 0.59, 0.00, 0.60, 
84.64, 0.56, 0.00, 0.63, 
-83.88, 0.57, 0.00, 0.59, 
81.26, 0.57, 0.00, 0.63, 
-79.02, 0.55, 0.00, 0.58, 
68.91, 0.57, 0.00, 0.63, 
-64.18, 0.53, 0.00, 0.56, 
48.47, 0.58, 0.00, 0.63, 
-39.71, 0.51, 0.00, 0.56, 
22.03, 0.58, 0.00, 0.61, 
-8.30, 0.50, 0.00, 0.55, 
-7.25, 0.57, 0.00, 0.60, 
24.69, 0.49, 0.00, 0.55, 
-35.30, 0.56, 0.00, 0.60, 
52.23, 0.49, 0.00, 0.53, 
-57.44, 0.54, 0.00, 0.60, 
67.91, 0.50, -8.29, 0.52, 
-68.83, 0.52, 5.11, 0.59, 
68.16, 0.51, -2.79, 0.51, 
-65.43, 0.49, -1.38, 0.58, 
53.23, 0.52, 8.38, 0.51, 
-45.58, 0.47, -16.11, 0.57, 
26.71, 0.53, 29.07, 0.51, 
-12.49, 0.45, 0.00, 0.57, 
-5.46, 0.52, 0.00, 0.50, 
24.31, 0.45, 0.00, 0.56, 
-35.83, 0.51, 0.00, 0.50, 
51.93, 0.46, 0.00, 0.55, 
-56.35, 0.49, 0.00, 0.50, 
60.84, 0.47, 0.00, 0.53, 
-59.64, 0.47, 0.00, 0.51, 
49.19, 0.49, 0.00, 0.51, 
-41.66, 0.44, 0.00, 0.52, 
21.96, 0.50, 0.00, 0.49, 
-6.48, 0.43, 0.00, 0.53, 
-11.83, 0.50, 0.00, 0.48, 
31.04, 0.43, 0.00, 0.53, 
-41.17, 0.48, 0.00, 0.48, 
52.70, 0.44, 0.00, 0.53, 
-54.81, 0.46, 0.00, 0.47, 
49.66, 0.47, 0.00, 0.53, 
-44.32, 0.43, 0.00, 0.46, 
25.41, 0.49, 0.00, 0.53, 
-10.92, 0.42, 39.23, 0.46, 
-9.02, 0.49, -41.19, 0.52, 
28.14, 0.42, 46.49, 0.47, 
-39.29, 0.48, -44.60, 0.51, 
49.06, 0.44, 44.73, 0.49, 
-50.71, 0.45, -45.08, 0.49, 
41.53, 0.47, 41.25, 0.51, 
-33.60, 0.43, 0.00, 0.48, 
12.19, 0.49, 0.00, 0.53, 
5.44, 0.42, 0.00, 0.46, 
-23.31, 0.50, 0.00, 0.54, 
39.35, 0.44, 0.00, 0.46, 
-46.14, 0.48, 0.00, 0.54, 
44.38, 0.48, 0.00, 0.48, 
-40.04, 0.45, 0.00, 0.53, 
20.28, 0.51, 0.00, 0.50, 
-4.28, 0.44, 0.00, 0.52, 
-16.52, 0.52, 0.00, 0.52, 
33.91, 0.46, 0.00, 0.50, 
-43.12, 0.50, 0.00, 0.55, 
42.69, 0.50, 0.00, 0.50, 
-38.63, 0.48, 0.00, 0.56, 
18.28, 0.53, 0.00, 0.50, 
-1.31, 0.47, 0.00, 0.57, 
-19.93, 0.54, 0.00, 0.52, 
35.98, 0.49, 0.00, 0.56, 
-43.85, 0.53, 0.00, 0.55, 
38.34, 0.54, -50.40, 0.55, 
-30.46, 0.50, 39.75, 0.58, 
6.85, 0.57, -33.49, 0.54, 
12.84, 0.50, 15.13, 0.60, 
-31.44, 0.57, -3.37, 0.54, 
40.95, 0.54, -13.97, 0.61, 
-42.61, 0.55, 28.08, 0.56, 
26.21, 0.59, 0.00, 0.61, 
-10.25, 0.53, 0.00, 0.60, 
-14.73, 0.61, 0.00, 0.59, 
32.88, 0.56, 0.00, 0.64, 
-43.04, 0.60, 0.00, 0.58, 
36.50, 0.61, 0.00, 0.66, 
-25.76, 0.57, 0.00, 0.60, 
-0.76, 0.64, 0.00, 0.66, 
22.44, 0.58, 0.00, 0.63, 
-39.26, 0.64, 0.00, 0.65, 
40.60, 0.63, 0.00, 0.67, 
-34.05, 0.61, 0.00, 0.63, 
8.17, 0.67, 0.00, 0.70, 
14.98, 0.61, 0.00, 0.63, 
-36.19, 0.67, 0.00, 0.71, 
42.12, 0.65, 0.00, 0.67, 
-37.62, 0.64, 0.00, 0.69, 
11.84, 0.70, 0.00, 0.71, 
12.81, 0.63, 0.00, 0.67, 
-36.24, 0.70, 0.00, 0.74, 
43.25, 0.68, 20.41, 0.67, 
-37.85, 0.66, -38.38, 0.74, 
10.14, 0.73, 45.07, 0.71, 
16.75, 0.66, -44.93, 0.72, 
-40.01, 0.72, 29.06, 0.75, 
43.98, 0.71, -13.32, 0.70, 
-33.94, 0.68, -13.28, 0.77, 
2.28, 0.75, 0.00, 0.72, 
26.57, 0.68, 0.00, 0.76, 
-46.04, 0.73, 0.00, 0.76, 
41.61, 0.73, 0.00, 0.73, 
-22.94, 0.69, 0.00, 0.79, 
-12.52, 0.76, 0.00, 0.73, 
39.63, 0.71, 0.00, 0.79, 
-49.66, 0.73, 0.00, 0.76, 
31.24, 0.76, 0.00, 0.76, 
-1.91, 0.70, 0.00, 0.80, 
-32.34, 0.77, 0.00, 0.74, 
48.59, 0.73, 0.00, 0.81, 
-42.43, 0.72, 0.00, 0.76, 
8.85, 0.78, 0.00, 0.78, 
26.25, 0.71, 0.00, 0.80, 
-48.75, 0.75, 0.00, 0.75, 
42.54, 0.76, 0.00, 0.81, 
-16.69, 0.71, 0.00, 0.77, 
-22.38, 0.78, 0.00, 0.78, 
47.32, 0.73, 0.00, 0.81, 
-46.74, 0.73, -12.18, 0.75, 
15.49, 0.78, -21.04, 0.82, 
21.71, 0.71, 43.25, 0.77, 
-46.96, 0.75, -48.97, 0.79, 
42.88, 0.75, 34.09, 0.81, 
-16.14, 0.70, -10.14, 0.75, 
-22.99, 0.77, -22.17, 0.82, 
46.96, 0.72, 0.00, 0.77, 
-42.84, 0.72, 0.00, 0.78, 
9.48, 0.77, 0.00, 0.81, 
27.68, 0.70, 0.00, 0.74, 
-46.96, 0.74, 0.00, 0.81, 
35.45, 0.75, 0.00, 0.76, 
-3.44, 0.69, 0.00, 0.76, 
-31.45, 0.75, 0.00, 0.79, 
45.74, 0.72, 0.00, 0.73, 
-30.68, 0.69, 0.00, 0.79, 
-6.14, 0.75, 0.00, 0.76, 
38.33, 0.68, 0.00, 0.73, 
-43.66, 0.69, 0.00, 0.79, 
18.85, 0.73, 0.00, 0.71, 
17.83, 0.66, 0.00, 0.76, 
-40.93, 0.70, 0.00, 0.74, 
36.30, 0.70, 0.00, 0.71, 
-7.04, 0.64, 0.00, 0.76, 
-26.87, 0.70, 0.00, 0.70, 
42.73, 0.67, 0.00, 0.72, 
-27.67, 0.63, 34.33, 0.74, 
-7.57, 0.69, -7.09, 0.67, 
38.03, 0.63, -21.10, 0.73, 
-39.11, 0.63, 38.88, 0.68, 
11.63, 0.67, -35.37, 0.67, 
24.79, 0.60, 13.34, 0.71, 
-40.73, 0.63, 17.43, 0.64, 
27.14, 0.65, 0.00, 0.69, 
7.18, 0.58, 0.00, 0.68, 
-34.63, 0.63, 0.00, 0.62, 
37.07, 0.61, 0.00, 0.69, 
-10.48, 0.56, 0.00, 0.62, 
-23.77, 0.62, 0.00, 0.64, 
40.95, 0.58, 0.00, 0.65, 
-24.95, 0.55, 0.00, 0.59, 
-10.87, 0.60, 0.00, 0.64, 
39.35, 0.55, 0.00, 0.62, 
-34.72, 0.54, 0.00, 0.58, 
2.03, 0.59, 0.00, 0.64, 
33.45, 0.52, 0.00, 0.57, 
-39.73, 0.53, 0.00, 0.59, 
13.63, 0.57, 0.00, 0.61, 
24.76, 0.50, 0.00, 0.55, 
-40.82, 0.53, 0.00, 0.59, 
23.27, 0.55, 0.00, 0.57, 
14.79, 0.48, 0.00, 0.53, 
-39.11, 0.52, 0.00, 0.60, 
30.77, 0.53, 42.68, 0.53, 
4.79, 0.46, -44.64, 0.54, 
-35.74, 0.51, 20.41, 0.58, 
36.26, 0.51, 12.50, 0.51, 
-4.37, 0.45, -34.58, 0.55, 
-31.62, 0.51, 34.95, 0.54, 
40.04, 0.49, -10.87, 0.49, 
-12.21, 0.44, 0.00, 0.56, 
-27.48, 0.50, 0.00, 0.51, 
42.54, 0.47, 0.00, 0.49, 
-18.54, 0.43, 0.00, 0.55, 
-23.83, 0.49, 0.00, 0.48, 
44.17, 0.46, 0.00, 0.51, 
-23.39, 0.43, 0.00, 0.53, 
-21.03, 0.49, 0.00, 0.47, 
45.34, 0.45, 0.00, 0.52, 
-26.85, 0.42, 0.00, 0.52, 
-19.35, 0.48, 0.00, 0.46, 
46.36, 0.45, 0.00, 0.53, 
-28.99, 0.42, 0.00, 0.49, 
-18.98, 0.48, 0.00, 0.47, 
47.41, 0.44, 0.00, 0.53, 
-29.82, 0.42, 0.00, 0.47, 
-20.07, 0.48, 0.00, 0.48, 
48.57, 0.44, 0.00, 0.52, 
-29.18, 0.42, 0.00, 0.46, 
-22.75, 0.48, 0.00, 0.49, 
49.68, 0.45, 31.92, 0.52, 
-26.80, 0.42, 13.22, 0.45, 
-27.05, 0.48, -46.86, 0.51, 
50.43, 0.45, 42.81, 0.51, 
-22.26, 0.42, -9.06, 0.46, 
-32.92, 0.48, -34.87, 0.52, 
50.25, 0.46, 48.79, 0.50, 
-15.06, 0.42, 0.00, 0.46, 
-40.08, 0.48, 0.00, 0.54, 
48.36, 0.47, 0.00, 0.50, 
-4.82, 0.42, 0.00, 0.48, 
-47.95, 0.48, 0.00, 0.54, 
43.85, 0.49, 0.00, 0.49, 
8.48, 0.43, 0.00, 0.50, 
-55.43, 0.49, 0.00, 0.54, 
35.73, 0.50, 0.00, 0.50, 
24.17, 0.44, 0.00, 0.50, 
-60.79, 0.48, 0.00, 0.56, 
23.22, 0.52, 0.00, 0.50, 
40.54, 0.46, 0.00, 0.52, 
-61.61, 0.48, 0.00, 0.56, 
6.04, 0.53, 0.00, 0.50, 
54.81, 0.48, 0.00, 0.54, 
-55.04, 0.48, 0.00, 0.57, 
-15.20, 0.54, 0.00, 0.51, 
63.45, 0.50, 0.00, 0.54, 
-38.64, 0.48, 0.00, 0.58, 
-38.39, 0.55, 40.02, 0.52, 
62.91, 0.53, -75.50, 0.56, 
-12.04, 0.49, 37.01, 0.59, 
-59.55, 0.55, 26.69, 0.53, 
50.58, 0.55, -65.40, 0.57, 
21.17, 0.50, 32.90, 0.60, 
-72.55, 0.54, 33.56, 0.54, 
25.89, 0.57, 0.00, 0.58, 
52.78, 0.52, 0.00, 0.61, 
-70.04, 0.53, 0.00, 0.55, 
-8.63, 0.59, 0.00, 0.59, 
72.25, 0.55, 0.00, 0.62, 
-46.35, 0.53, 0.00, 0.56, 
-46.29, 0.59, 0.00, 0.60, 
70.86, 0.58, 0.00, 0.63, 
-3.16, 0.53, 0.00, 0.58, 
-75.72, 0.59, 0.00, 0.60, 
45.35, 0.61, 0.00, 0.65, 
45.90, 0.55, 0.00, 0.59, 
-82.44, 0.58, 0.00, 0.61, 
0.13, 0.63, 0.00, 0.66, 
78.98, 0.58, 0.00, 0.61, 
-54.93, 0.57, 0.00, 0.62, 
-51.51, 0.63, 0.00, 0.67, 
78.27, 0.62, 0.00, 0.63, 
3.19, 0.57, 0.00, 0.62, 
-87.92, 0.62, 0.00, 0.68, 
39.82, 0.65, 99.11, 0.65, 
64.52, 0.59, -52.89, 0.62, 
-84.65, 0.61, -54.11, 0.69, 
-23.37, 0.66, 86.00, 0.66, 
91.75, 0.63, -24.75, 0.63, 
-30.74, 0.60, -72.31, 0.69, 
-82.35, 0.66, 74.26, 0.69, 
65.04, 0.66, 0.00, 0.63, 
48.59, 0.61, 0.00, 0.69, 
-99.16, 0.64, 0.00, 0.71, 
-5.22, 0.68, 0.00, 0.65, 
97.58, 0.64, 0.00, 0.69, 
-48.52, 0.62, 0.00, 0.72, 
-80.76, 0.68, 0.00, 0.67, 
77.25, 0.68, 0.00, 0.68, 
44.86, 0.63, 0.00, 0.73, 
-107.49, 0.66, 0.00, 0.69, 
-3.19, 0.70, 0.00, 0.67, 
104.87, 0.66, 0.00, 0.74, 
-48.71, 0.64, 0.00, 0.72, 
-90.50, 0.70, 0.00, 0.67, 
76.82, 0.70, 0.00, 0.73, 
59.36, 0.65, 0.00, 0.73, 
-111.04, 0.67, 0.00, 0.69, 
-21.28, 0.72, 0.00, 0.72, 
113.62, 0.69, 0.00, 0.76, 
-26.68, 0.65, 0.00, 0.70, 
-110.89, 0.71, -112.70, 0.71, 
57.64, 0.72, -35.58, 0.77, 
90.63, 0.67, 120.59, 0.73, 
-99.63, 0.68, -53.28, 0.70, 
-61.19, 0.73, -85.64, 0.76, 
111.25, 0.71, 93.14, 0.76, 
23.75, 0.67, 33.41, 0.71, 
-128.30, 0.70, 0.00, 0.75, 
9.20, 0.74, 0.00, 0.78, 
122.51, 0.70, 0.00, 0.72, 
-52.71, 0.68, 0.00, 0.73, 
-112.69, 0.73, 0.00, 0.79, 
74.19, 0.74, 0.00, 0.75, 
93.45, 0.69, 0.00, 0.72, 
-109.94, 0.69, 0.00, 0.77, 
-68.57, 0.75, 0.00, 0.78, 
117.77, 0.73, 0.00, 0.73, 
39.64, 0.68, 0.00, 0.75, 
-136.99, 0.71, 0.00, 0.80, 
-13.70, 0.76, 0.00, 0.75, 
134.87, 0.72, 0.00, 0.74, 
-19.85, 0.68, 0.00, 0.79, 
-137.08, 0.73, 0.00, 0.78, 
38.50, 0.76, 0.00, 0.74, 
128.88, 0.71, 0.00, 0.77, 
-71.06, 0.69, 0.00, 0.81, 
-119.39, 0.75, 0.00, 0.75, 
80.59, 0.76, -108.67, 0.74, 
107.73, 0.70, -88.27, 0.81, 
-108.04, 0.70, 133.31, 0.79, 
-93.33, 0.76, 12.67, 0.74, 
110.25, 0.75, -135.87, 0.78, 
80.10, 0.70, 32.73, 0.81, 
-130.95, 0.71, 128.03, 0.76, 
-66.19, 0.76, 0.00, 0.75, 
128.59, 0.74, 0.00, 0.81, 
53.00, 0.69, 0.00, 0.80, 
-143.03, 0.72, 0.00, 0.74, 
-42.65, 0.77, 0.00, 0.78, 
138.35, 0.74, 0.00, 0.81, 
30.88, 0.69, 0.00, 0.77, 
-148.10, 0.73, 0.00, 0.76, 
-25.24, 0.77, 0.00, 0.81, 
142.55, 0.74, 0.00, 0.81, 
15.97, 0.69, 0.00, 0.75, 
-149.36, 0.73, 0.00, 0.77, 
-15.03, 0.77, 0.00, 0.82, 
143.58, 0.73, 0.00, 0.78, 
9.08, 0.69, 0.00, 0.75, 
-148.86, 0.73, 0.00, 0.80, 
-12.28, 0.77, 0.00, 0.81, 
142.79, 0.73, 0.00, 0.76, 
10.28, 0.69, 0.00, 0.76, 
-147.37, 0.73, 0.00, 0.82, 
-16.84, 0.77, 135.20, 0.80, 
140.37, 0.73, 54.91, 0.75, 
19.23, 0.69, -147.69, 0.78, 
-144.48, 0.72, -7.43, 0.82, 
-28.25, 0.76, 129.17, 0.78, 
135.40, 0.73, -23.87, 0.75, 
35.19, 0.69, -136.36, 0.79, 
-138.67, 0.72, 0.00, 0.82, 
-45.61, 0.76, 0.00, 0.76, 
126.13, 0.74, 0.00, 0.75, 
56.67, 0.69, 0.00, 0.81, 
-127.59, 0.71, 0.00, 0.80, 
-67.33, 0.76, 0.00, 0.75, 
110.37, 0.74, 0.00, 0.77, 
81.03, 0.69, 0.00, 0.81, 
-108.45, 0.70, 0.00, 0.79, 
-90.67, 0.75, 0.00, 0.74, 
86.15, 0.74, 0.00, 0.77, 
104.01, 0.69, 0.00, 0.82, 
-78.87, 0.69, 0.00, 0.77, 
-111.45, 0.73, 0.00, 0.74, 
52.57, 0.75, 0.00, 0.78, 
119.93, 0.70, 0.00, 0.80, 
-38.24, 0.67, 0.00, 0.75, 
-123.99, 0.72, 0.00, 0.74, 
10.84, 0.74, 0.00, 0.78, 
122.58, 0.70, 0.00, 0.80, 
10.45, 0.67, 118.42, 0.74, 
-121.72, 0.70, -89.53, 0.73, 
-34.85, 0.74, -86.19, 0.79, 
107.05, 0.71, 82.23, 0.78, 
59.30, 0.66, 69.72, 0.73, 
-98.89, 0.68, -86.60, 0.73, 
-76.90, 0.72, -72.10, 0.78, 
71.95, 0.72, 0.00, 0.77, 
96.21, 0.67, 0.00, 0.71, 
-53.94, 0.65, 0.00, 0.73, 
-104.71, 0.70, 0.00, 0.78, 
21.27, 0.72, 0.00, 0.75, 
108.80, 0.68, 0.00, 0.71, 
6.12, 0.64, 0.00, 0.73, 
-106.87, 0.67, 0.00, 0.76, 
-34.76, 0.71, 0.00, 0.74, 
90.28, 0.69, 0.00, 0.69, 
63.53, 0.64, 0.00, 0.71, 
-75.90, 0.64, 0.00, 0.76, 
-80.44, 0.69, 0.00, 0.73, 
43.75, 0.69, 0.00, 0.68, 
95.57, 0.64, 0.00, 0.71, 
-16.25, 0.62, 0.00, 0.74, 
-97.82, 0.65, 0.00, 0.72, 
-16.85, 0.68, 0.00, 0.68, 
87.53, 0.66, 0.00, 0.69, 
49.08, 0.61, 0.00, 0.74, 
-73.78, 0.62, 92.91, 0.72, 
-69.14, 0.66, 45.32, 0.66, 
42.08, 0.66, -87.68, 0.68, 
86.47, 0.62, -35.06, 0.72, 
-12.64, 0.59, 70.34, 0.70, 
-88.14, 0.62, 43.94, 0.65, 
-20.77, 0.65, -69.61, 0.66, 
75.48, 0.63, 0.00, 0.70, 
53.41, 0.58, 0.00, 0.70, 
-57.77, 0.58, 0.00, 0.64, 
-70.33, 0.62, 0.00, 0.64, 
23.57, 0.63, 0.00, 0.69, 
80.86, 0.59, 0.00, 0.68, 
9.84, 0.56, 0.00, 0.63, 
-76.05, 0.58, 0.00, 0.62, 
-39.10, 0.62, 0.00, 0.66, 
53.16, 0.61, 0.00, 0.67, 
66.12, 0.56, 0.00, 0.62, 
-26.98, 0.54, 0.00, 0.59, 
-73.35, 0.58, 0.00, 0.64, 
-8.04, 0.60, 0.00, 0.66, 
66.86, 0.57, 0.00, 0.61, 
42.15, 0.53, 0.00, 0.59, 
-49.97, 0.53, 0.00, 0.62, 
-59.80, 0.57, 0.00, 0.64, 
16.33, 0.58, 0.00, 0.62, 
68.43, 0.54, 0.00, 0.57, 
17.93, 0.50, -71.15, 0.58, 
-60.17, 0.52, -34.61, 0.63, 
-43.41, 0.56, 56.26, 0.61, 
32.51, 0.56, 39.89, 0.56, 
62.94, 0.51, -44.26, 0.56, 
-1.53, 0.48, -44.84, 0.60, 
-61.84, 0.51, 27.70, 0.61, 
-28.74, 0.54, 0.00, 0.56, 
41.60, 0.53, 0.00, 0.53, 
54.78, 0.49, 0.00, 0.57, 
-14.76, 0.46, 0.00, 0.60, 
-59.21, 0.50, 0.00, 0.56, 
-17.71, 0.53, 0.00, 0.52, 
45.51, 0.51, 0.00, 0.54, 
46.96, 0.46, 0.00, 0.58, 
-22.31, 0.45, 0.00, 0.56, 
-55.20, 0.48, 0.00, 0.51, 
-10.71, 0.51, 0.00, 0.51, 
46.07, 0.49, 0.00, 0.56, 
41.07, 0.44, 0.00, 0.57, 
-25.39, 0.43, 0.00, 0.51, 
-51.46, 0.47, 0.00, 0.49, 
-7.42, 0.50, 0.00, 0.53, 
44.53, 0.47, 0.00, 0.55, 
37.66, 0.43, 0.00, 0.52, 
-25.07, 0.42, 0.00, 0.48, 
-48.64, 0.46, 0.00, 0.49, 
-7.35, 0.48, -40.38, 0.54, 
41.55, 0.46, 28.49, 0.54, 
36.62, 0.42, 46.73, 0.49, 
-21.95, 0.41, -15.82, 0.47, 
-46.72, 0.45, -43.38, 0.51, 
-9.99, 0.48, -3.29, 0.53, 
37.26, 0.46, 41.05, 0.51, 
37.39, 0.41, 0.00, 0.46, 
-16.23, 0.40, 0.00, 0.47, 
-45.16, 0.44, 0.00, 0.52, 
-14.89, 0.47, 0.00, 0.52, 
31.38, 0.46, 0.00, 0.48, 
39.01, 0.42, 0.00, 0.46, 
-7.88, 0.40, 0.00, 0.49, 
-42.97, 0.43, 0.00, 0.52, 
-21.49, 0.47, 0.00, 0.50, 
23.42, 0.46, 0.00, 0.46, 
40.13, 0.43, 0.00, 0.46, 
3.00, 0.40, 0.00, 0.51, 
-38.66, 0.42, 0.00, 0.53, 
-28.88, 0.47, 0.00, 0.49, 
12.91, 0.48, 0.00, 0.46, 
39.02, 0.44, 0.00, 0.49, 
15.49, 0.41, 0.00, 0.52, 
-30.38, 0.42, 0.00, 0.52, 
-35.47, 0.47, 0.00, 0.48, 
-0.22, 0.49, 0.00, 0.47, 
33.82, 0.47, -43.88, 0.51, 
27.29, 0.43, -9.76, 0.55, 
-16.60, 0.43, 34.46, 0.53, 
-38.53, 0.47, 23.26, 0.49, 
-15.08, 0.51, -23.72, 0.49, 
23.04, 0.50, -32.39, 0.54, 
34.72, 0.47, 1.75, 0.56, 
2.21, 0.45, 0.00, 0.54, 
-34.24, 0.47, 0.00, 0.50, 
-28.97, 0.52, 0.00, 0.51, 
6.42, 0.53, 0.00, 0.57, 
33.72, 0.51, 0.00, 0.58, 
21.57, 0.48, 0.00, 0.55, 
-19.27, 0.48, 0.00, 0.52, 
-36.68, 0.52, 0.00, 0.55, 
-13.81, 0.56, 0.00, 0.59, 
21.75, 0.56, 0.00, 0.60, 
33.35, 0.53, 0.00, 0.57, 
4.80, 0.51, 0.00, 0.54, 
-31.14, 0.53, 0.00, 0.57, 
-31.42, 0.57, 0.00, 0.62, 
-0.09, 0.60, 0.00, 0.63, 
30.00, 0.58, 0.00, 0.59, 
27.37, 0.55, 0.00, 0.58, 
-8.68, 0.54, 0.00, 0.61, 
-35.75, 0.58, 0.00, 0.65, 
-24.61, 0.62, 0.00, 0.66, 
9.72, 0.63, 37.43, 0.63, 
33.42, 0.61, 2.75, 0.60, 
20.95, 0.58, -36.41, 0.63, 
-17.11, 0.58, -23.90, 0.68, 
-37.06, 0.62, 14.83, 0.69, 
-19.58, 0.66, 32.39, 0.66, 
15.46, 0.67, 7.06, 0.64, 
34.79, 0.64, 0.00, 0.66, 
17.22, 0.61, 0.00, 0.71, 
-21.10, 0.62, 0.00, 0.73, 
-37.82, 0.66, 0.00, 0.70, 
-17.93, 0.69, 0.00, 0.66, 
17.55, 0.70, 0.00, 0.68, 
36.01, 0.67, 0.00, 0.73, 
17.66, 0.64, 0.00, 0.75, 
-21.13, 0.65, 0.00, 0.73, 
-39.14, 0.69, 0.00, 0.70, 
-20.41, 0.72, 0.00, 0.70, 
15.77, 0.72, 0.00, 0.74, 
37.32, 0.70, 0.00, 0.78, 
22.68, 0.67, 0.00, 0.77, 
-16.46, 0.67, 0.00, 0.73, 
-40.25, 0.70, 0.00, 0.72, 
-27.05, 0.74, 0.00, 0.75, 
8.96, 0.75, 0.00, 0.78, 
36.86, 0.72, 0.00, 0.79, 
31.28, 0.69, 0.00, 0.77, 
-5.48, 0.68, 20.81, 0.73, 
-38.06, 0.70, -30.17, 0.74, 
-36.11, 0.74, -41.71, 0.78, 
-4.03, 0.76, -6.16, 0.81, 
30.80, 0.74, 31.81, 0.79, 
39.44, 0.71, 33.75, 0.76, 
11.96, 0.69, -3.84, 0.74, 
-27.74, 0.69, 0.00, 0.77, 
-42.45, 0.73, 0.00, 0.81, 
-21.62, 0.75, 0.00, 0.82, 
15.74, 0.76, 0.00, 0.78, 
40.11, 0.73, 0.00, 0.75, 
30.64, 0.70, 0.00, 0.75, 
-6.78, 0.68, 0.00, 0.79, 
-38.35, 0.71, 0.00, 0.81, 
-37.01, 0.74, 0.00, 0.81, 
-6.81, 0.76, 0.00, 0.77, 
27.80, 0.74, 0.00, 0.74, 
40.29, 0.71, 0.00, 0.75, 
18.99, 0.68, 0.00, 0.80, 
-19.26, 0.68, 0.00, 0.81, 
-40.42, 0.71, 0.00, 0.79, 
-28.57, 0.74, 0.00, 0.75, 
4.33, 0.74, 0.00, 0.74, 
33.31, 0.72, 0.00, 0.76, 
36.37, 0.69, 0.00, 0.79, 
9.22, 0.66, 0.00, 0.80, 
-25.74, 0.67, 39.45, 0.77, 
-38.39, 0.70, 30.10, 0.73, 
-20.96, 0.72, -12.78, 0.72, 
11.26, 0.72, -36.92, 0.75, 
34.88, 0.69, -21.73, 0.77, 
31.92, 0.66, 12.60, 0.77, 
2.84, 0.63, 35.95, 0.74, 
-28.25, 0.64, 0.00, 0.70, 
-35.48, 0.67, 0.00, 0.69, 
-15.84, 0.69, 0.00, 0.72, 
14.65, 0.69, 0.00, 0.75, 
34.65, 0.65, 0.00, 0.74, 
28.91, 0.62, 0.00, 0.70, 
-0.10, 0.60, 0.00, 0.67, 
-28.55, 0.61, 0.00, 0.67, 
-33.44, 0.63, 0.00, 0.69, 
-13.71, 0.65, 0.00, 0.72, 
15.24, 0.64, 0.00, 0.71, 
33.85, 0.61, 0.00, 0.67, 
28.09, 0.58, 0.00, 0.63, 
0.14, 0.56, 0.00, 0.63, 
-27.52, 0.57, 0.00, 0.66, 
-32.87, 0.59, 0.00, 0.68, 
-14.54, 0.61, 0.00, 0.67, 
13.39, 0.60, 0.00, 0.63, 
32.73, 0.57, 0.00, 0.60, 
29.47, 0.53, 0.00, 0.59, 
3.50, 0.51, -37.65, 0.62, 
-25.10, 0.52, -16.42, 0.65, 
-33.54, 0.54, 18.28, 0.64, 
-18.16, 0.56, 33.58, 0.60, 
8.94, 0.56, 17.19, 0.56, 
30.69, 0.54, -15.34, 0.56, 
32.38, 0.50, -33.89, 0.58, 
10.10, 0.47, 0.00, 0.61, 
-20.30, 0.47, 0.00, 0.61, 
-34.46, 0.50, 0.00, 0.57, 
-24.16, 0.52, 0.00, 0.53, 
1.39, 0.52, 0.00, 0.52, 
26.35, 0.51, 0.00, 0.55, 
35.27, 0.47, 0.00, 0.57, 
19.70, 0.44, 0.00, 0.57, 
-11.41, 0.43, 0.00, 0.55, 
-33.52, 0.45, 0.00, 0.51, 
-31.49, 0.48, 0.00, 0.49, 
-9.69, 0.49, 0.00, 0.51, 
17.87, 0.48, 0.00, 0.54, 
35.42, 0.46, 0.00, 0.55, 
30.56, 0.42, 0.00, 0.53, 
3.14, 0.41, 0.00, 0.50, 
-27.12, 0.42, 0.00, 0.47, 
-37.44, 0.44, 0.00, 0.48, 
-23.71, 0.47, 0.00, 0.51, 
3.54, 0.47, 0.00, 0.54, 
29.12, 0.45, 19.35, 0.53, 
38.26, 0.42, 41.55, 0.50, 
22.27, 0.40, 24.45, 0.46, 
-10.80, 0.39, -15.17, 0.46, 
-36.27, 0.41, -37.05, 0.49, 
-37.34, 0.44, -28.00, 0.51, 
-16.68, 0.46, 1.74, 0.52, 
12.86, 0.46, 0.00, 0.51, 
35.94, 0.44, 0.00, 0.47, 
38.73, 0.41, 0.00, 0.45, 
15.84, 0.39, 0.00, 0.46, 
-19.41, 0.39, 0.00, 0.50, 
-41.55, 0.42, 0.00, 0.52, 
-37.88, 0.45, 0.00, 0.52, 
-13.76, 0.47, 0.00, 0.49, 
17.30, 0.46, 0.00, 0.46, 
39.88, 0.44, 0.00, 0.45, 
40.59, 0.42, 0.00, 0.48, 
15.17, 0.40, 0.00, 0.51, 
-21.85, 0.41, 0.00, 0.53, 
-45.07, 0.43, 0.00, 0.52, 
-41.87, 0.46, 0.00, 0.49, 
-17.16, 0.48, 0.00, 0.47, 
15.74, 0.48, 0.00, 0.47, 
41.29, 0.46, 0.00, 0.50, 
45.55, 0.44, 0.00, 0.53, 
22.55, 0.42, 0.00, 0.55, 
-16.27, 0.42, 39.83, 0.54, 
-45.87, 0.44, 52.44, 0.50, 
-49.53, 0.48, 19.14, 0.48, 
-28.38, 0.50, -29.30, 0.49, 
5.75, 0.51, -50.20, 0.52, 
37.39, 0.50, -35.82, 0.55, 
51.37, 0.48, 0.66, 0.56, 
37.87, 0.45, 0.00, 0.55, 
0.92, 0.45, 0.00, 0.52, 
-38.16, 0.46, 0.00, 0.50, 
-56.39, 0.49, 0.00, 0.51, 
-46.43, 0.52, 0.00, 0.54, 
-15.55, 0.54, 0.00, 0.57, 
21.99, 0.54, 0.00, 0.58, 
50.09, 0.52, 0.00, 0.57, 
54.80, 0.50, 0.00, 0.55, 
30.46, 0.48, 0.00, 0.53, 
-12.51, 0.48, 0.00, 0.53, 
-50.06, 0.50, 0.00, 0.55, 
-62.51, 0.53, 0.00, 0.59, 
-46.34, 0.56, 0.00, 0.61, 
-10.73, 0.57, 0.00, 0.61, 
29.25, 0.57, 0.00, 0.58, 
57.21, 0.55, 0.00, 0.56, 
59.70, 0.53, 0.00, 0.56, 
32.29, 0.52, 0.00, 0.57, 
-13.66, 0.52, 0.00, 0.60, 
-54.22, 0.53, -43.17, 0.63, 
-69.44, 0.56, 14.83, 0.64, 
-54.68, 0.59, 60.48, 0.62, 
-18.13, 0.61, 62.85, 0.60, 
25.37, 0.61, 22.31, 0.58, 
59.12, 0.59, -32.53, 0.59, 
68.62, 0.57, -68.84, 0.61, 
46.95, 0.56, 0.00, 0.64, 
1.28, 0.55, 0.00, 0.67, 
-46.93, 0.56, 0.00, 0.67, 
-74.68, 0.59, 0.00, 0.64, 
-71.35, 0.61, 0.00, 0.62, 
-40.57, 0.63, 0.00, 0.61, 
5.00, 0.64, 0.00, 0.62, 
48.81, 0.64, 0.00, 0.65, 
74.58, 0.62, 0.00, 0.68, 
70.58, 0.60, 0.00, 0.69, 
35.43, 0.59, 0.00, 0.69, 
-17.44, 0.59, 0.00, 0.67, 
-64.36, 0.60, 0.00, 0.64, 
-85.40, 0.63, 0.00, 0.63, 
-74.07, 0.65, 0.00, 0.65, 
-36.54, 0.67, 0.00, 0.68, 
13.38, 0.67, 0.00, 0.71, 
58.86, 0.67, 0.00, 0.72, 
83.93, 0.65, 0.00, 0.71, 
77.74, 0.63, 0.00, 0.69, 
39.81, 0.62, 75.01, 0.67, 
-16.35, 0.62, 4.94, 0.66, 
-67.62, 0.63, -67.41, 0.67, 
-93.72, 0.65, -94.24, 0.70, 
-86.65, 0.68, -70.35, 0.73, 
-50.87, 0.69, -15.60, 0.74, 
1.02, 0.70, 46.91, 0.74, 
52.62, 0.70, 0.00, 0.72, 
87.56, 0.68, 0.00, 0.69, 
93.21, 0.66, 0.00, 0.68, 
65.14, 0.65, 0.00, 0.69, 
11.29, 0.64, 0.00, 0.71, 
-48.66, 0.65, 0.00, 0.74, 
-92.12, 0.66, 0.00, 0.76, 
-104.58, 0.69, 0.00, 0.76, 
-83.92, 0.71, 0.00, 0.75, 
-38.19, 0.72, 0.00, 0.73, 
18.55, 0.72, 0.00, 0.70, 
69.95, 0.71, 0.00, 0.70, 
100.77, 0.70, 0.00, 0.71, 
100.31, 0.68, 0.00, 0.74, 
66.37, 0.66, 0.00, 0.77, 
8.40, 0.66, 0.00, 0.78, 
-54.06, 0.66, 0.00, 0.77, 
-99.62, 0.68, 0.00, 0.76, 
-114.45, 0.70, 0.00, 0.74, 
-96.00, 0.72, 0.00, 0.72, 
-51.25, 0.73, -30.95, 0.71, 
6.95, 0.74, -105.31, 0.73, 
63.19, 0.73, -120.58, 0.76, 
102.56, 0.72, -79.22, 0.78, 
113.54, 0.70, -9.88, 0.79, 
91.16, 0.68, 59.56, 0.79, 
40.10, 0.67, 107.44, 0.77, 
-24.74, 0.67, 0.00, 0.75, 
-83.04, 0.68, 0.00, 0.73, 
-117.45, 0.70, 0.00, 0.73, 
-119.65, 0.72, 0.00, 0.74, 
-91.04, 0.74, 0.00, 0.77, 
-40.31, 0.75, 0.00, 0.79, 
19.68, 0.75, 0.00, 0.80, 
74.68, 0.74, 0.00, 0.80, 
111.47, 0.72, 0.00, 0.78, 
120.28, 0.71, 0.00, 0.76, 
97.29, 0.69, 0.00, 0.74, 
47.05, 0.68, 0.00, 0.73, 
-17.21, 0.68, 0.00, 0.74, 
-77.35, 0.68, 0.00, 0.77, 
-117.11, 0.70, 0.00, 0.79, 
-127.43, 0.72, 0.00, 0.81, 
-107.74, 0.73, 0.00, 0.81, 
-64.28, 0.75, 0.00, 0.80, 
-7.52, 0.75, 0.00, 0.78, 
50.19, 0.75, 0.00, 0.76, 
96.66, 0.73, 56.18, 0.74, 
121.66, 0.72, -37.65, 0.74, 
118.83, 0.70, -107.65, 0.76, 
87.53, 0.69, -126.35, 0.78, 
34.31, 0.68, -99.29, 0.80, 
-27.84, 0.68, -42.87, 0.81, 
-83.21, 0.68, 28.14, 0.81, 
-118.69, 0.70, 0.00, 0.80, 
-127.42, 0.72, 0.00, 0.78, 
-109.40, 0.73, 0.00, 0.76, 
-69.98, 0.74, 0.00, 0.74, 
-17.85, 0.75, 0.00, 0.75, 
36.71, 0.75, 0.00, 0.76, 
83.50, 0.74, 0.00, 0.78, 
113.63, 0.72, 0.00, 0.80, 
120.89, 0.70, 0.00, 0.81, 
103.01, 0.69, 0.00, 0.82, 
62.92, 0.68, 0.00, 0.81, 
8.97, 0.67, 0.00, 0.78, 
-46.74, 0.67, 0.00, 0.76, 
-91.88, 0.68, 0.00, 0.74, 
-117.49, 0.70, 0.00, 0.74, 
-119.87, 0.71, 0.00, 0.75, 
-100.26, 0.72, 0.00, 0.77, 
-63.63, 0.73, 0.00, 0.79, 
-17.15, 0.74, 0.00, 0.80, 
31.11, 0.74, 0.00, 0.81, 
73.19, 0.73, 57.09, 0.81, 
102.19, 0.71, 107.83, 0.79, 
113.05, 0.70, 115.11, 0.76, 
103.45, 0.68, 81.75, 0.74, 
74.59, 0.67, 26.01, 0.73, 
31.61, 0.66, -34.45, 0.73, 
-17.07, 0.66, -86.60, 0.74, 
-61.77, 0.66, 0.00, 0.76, 
-94.13, 0.67, 0.00, 0.78, 
-109.10, 0.68, 0.00, 0.80, 
-105.45, 0.70, 0.00, 0.80, 
-85.20, 0.71, 0.00, 0.79, 
-52.63, 0.72, 0.00, 0.77, 
-13.25, 0.72, 0.00, 0.75, 
26.97, 0.72, 0.00, 0.73, 
62.32, 0.71, 0.00, 0.72, 
87.81, 0.69, 0.00, 0.71, 
99.72, 0.68, 0.00, 0.72, 
96.06, 0.66, 0.00, 0.74, 
77.08, 0.65, 0.00, 0.76, 
45.61, 0.64, 0.00, 0.77, 
6.95, 0.63, 0.00, 0.78, 
-32.16, 0.63, 0.00, 0.77, 
-65.05, 0.64, 0.00, 0.75, 
-86.70, 0.65, 0.00, 0.73, 
-94.59, 0.66, 0.00, 0.71, 
-88.70, 0.67, 0.00, 0.70, 
-70.96, 0.68, 0.04, 0.69, 
-44.56, 0.68, -55.49, 0.69, 
-13.37, 0.68, -86.26, 0.71, 
18.56, 0.68, -87.21, 0.72, 
47.35, 0.67, -67.18, 0.74, 
69.59, 0.66, -35.54, 0.75, 
82.61, 0.65, 3.15, 0.75, 
84.70, 0.63, 0.00, 0.74, 
75.43, 0.61, 0.00, 0.72, 
55.85, 0.60, 0.00, 0.70, 
28.67, 0.59, 0.00, 0.68, 
-2.09, 0.58, 0.00, 0.66, 
-31.79, 0.59, 0.00, 0.66, 
-56.13, 0.59, 0.00, 0.66, 
-72.07, 0.60, 0.00, 0.67, 
-78.15, 0.61, 0.00, 0.69, 
-74.46, 0.62, 0.00, 0.70, 
-62.28, 0.62, 0.00, 0.71, 
-43.63, 0.63, 0.00, 0.71, 
-20.96, 0.63, 0.00, 0.70, 
3.18, 0.63, 0.00, 0.68, 
26.29, 0.62, 0.00, 0.66, 
46.12, 0.61, 0.00, 0.64, 
60.74, 0.60, 0.00, 0.63, 
68.69, 0.58, 0.00, 0.62, 
69.08, 0.57, 0.00, 0.61, 
61.75, 0.55, 0.00, 0.62, 
47.40, 0.54, -74.10, 0.63, 
27.66, 0.53, -70.16, 0.65, 
5.00, 0.52, -48.06, 0.66, 
-17.66, 0.52, -18.51, 0.66, 
-37.50, 0.52, 9.84, 0.66, 
-52.28, 0.53, 33.81, 0.65, 
-60.69, 0.53, 52.87, 0.63, 
-62.37, 0.54, 0.00, 0.62, 
-57.77, 0.55, 0.00, 0.59, 
-47.89, 0.55, 0.00, 0.57, 
-34.06, 0.56, 0.00, 0.56, 
-17.75, 0.56, 0.00, 0.56, 
-0.48, 0.56, 0.00, 0.57, 
16.33, 0.55, 0.00, 0.59, 
31.35, 0.54, 0.00, 0.60, 
43.43, 0.53, 0.00, 0.60, 
51.64, 0.52, 0.00, 0.61, 
55.27, 0.50, 0.00, 0.61, 
53.95, 0.49, 0.00, 0.61, 
47.69, 0.47, 0.00, 0.59, 
36.97, 0.46, 0.00, 0.57, 
22.79, 0.45, 0.00, 0.55, 
6.62, 0.44, 0.00, 0.53, 
-9.82, 0.44, 0.00, 0.52, 
-24.76, 0.44, 0.00, 0.52, 
-36.77, 0.45, 0.00, 0.51, 
-44.87, 0.45, 0.00, 0.52, 
-48.68, 0.46, -54.01, 0.53, 
-48.25, 0.47, -51.04, 0.55, 
-44.05, 0.47, -36.88, 0.56, 
-36.72, 0.48, -17.76, 0.56, 
-27.07, 0.48, 1.06, 0.56, 
-15.91, 0.48, 17.59, 0.55, 
-4.06, 0.48, 31.90, 0.54, 
7.70, 0.48, 0.00, 0.53, 
18.64, 0.47, 0.00, 0.51, 
28.13, 0.46, 0.00, 0.49, 
35.61, 0.45, 0.00, 0.47, 
40.59, 0.44, 0.00, 0.47, 
42.74, 0.43, 0.00, 0.47, 
41.85, 0.42, 0.00, 0.48, 
37.90, 0.41, 0.00, 0.49, 
31.11, 0.40, 0.00, 0.50, 
21.94, 0.39, 0.00, 0.51, 
11.14, 0.38, 0.00, 0.52, 
-0.36, 0.38, 0.00, 0.53, 
-11.56, 0.38, 0.00, 0.53, 
-21.53, 0.39, 0.00, 0.52, 
-29.52, 0.39, 0.00, 0.51, 
-35.09, 0.40, 0.00, 0.49, 
-38.05, 0.41, 0.00, 0.48, 
-38.46, 0.42, 0.00, 0.47, 
-36.55, 0.43, 0.00, 0.46, 
-32.64, 0.44, 0.00, 0.45, 
-27.13, 0.44, -7.51, 0.45, 
-20.42, 0.45, -24.19, 0.45, 
-12.94, 0.45, -34.40, 0.47, 
-5.07, 0.46, -36.78, 0.48, 
2.80, 0.46, -33.42, 0.50, 
10.33, 0.46, -26.97, 0.51, 
17.19, 0.46, -18.63, 0.52, 
23.10, 0.45, 0.00, 0.53, 
27.81, 0.45, 0.00, 0.53, 
31.10, 0.44, 0.00, 0.53, 
32.82, 0.44, 0.00, 0.52, 
32.88, 0.43, 0.00, 0.51, 
31.26, 0.43, 0.00, 0.49, 
28.02, 0.42, 0.00, 0.48, 
23.32, 0.42, 0.00, 0.48, 
17.41, 0.42, 0.00, 0.48, 
10.64, 0.42, 0.00, 0.48, 
3.38, 0.42, 0.00, 0.48, 
-3.94, 0.43, 0.00, 0.49, 
-10.94, 0.43, 0.00, 0.51, 
-17.27, 0.44, 0.00, 0.53, 
-22.66, 0.45, 0.00, 0.55, 
-26.94, 0.46, 0.00, 0.56, 
-30.01, 0.47, 0.00, 0.57, 
-31.84, 0.49, 0.00, 0.58, 
-32.47, 0.50, 0.00, 0.59, 
-31.97, 0.51, 0.00, 0.59, 
-30.45, 0.52, 21.88, 0.59, 
-28.04, 0.54, 28.89, 0.58, 
-24.87, 0.55, 31.39, 0.57, 
-21.07, 0.56, 29.25, 0.57, 
-16.80, 0.57, 23.80, 0.56, 
-12.19, 0.58, 16.63, 0.56, 
-7.37, 0.58, 8.41, 0.56, 
-2.47, 0.59, 0.00, 0.56, 
2.39, 0.60, 0.00, 0.57, 
7.11, 0.60, 0.00, 0.58, 
11.57, 0.60, 0.00, 0.60, 
15.70, 0.61, 0.00, 0.62, 
19.41, 0.61, 0.00, 0.64, 
22.63, 0.61, 0.00, 0.65, 
25.32, 0.61, 0.00, 0.67, 
27.42, 0.61, 0.00, 0.68, 
28.92, 0.62, 0.00, 0.69, 
29.79, 0.62, 0.00, 0.70, 
30.04, 0.62, 0.00, 0.70, 
29.68, 0.62, 0.00, 0.70, 
28.72, 0.62, 0.00, 0.70, 
27.21, 0.62, 0.00, 0.70, 
25.19, 0.62, 0.00, 0.69, 
22.71, 0.62, 0.00, 0.69, 
19.84, 0.62, 0.00, 0.68, 
16.64, 0.63, 0.00, 0.68, 
13.19, 0.63, 0.00, 0.68, 
9.54, 0.63, 9.08, 0.68, 
5.78, 0.63, -1.63, 0.68, 
1.96, 0.64, -12.04, 0.69, 
-1.85, 0.64, -20.56, 0.70, 
-5.61, 0.65, -26.74, 0.71, 
-9.25, 0.65, -31.12, 0.72, 
-12.75, 0.65, -34.27, 0.74, 
-16.06, 0.66, 0.00, 0.75, 
-19.16, 0.66, 0.00, 0.76, 
-22.03, 0.67, 0.00, 0.77, 
-24.65, 0.67, 0.00, 0.78, 
-27.02, 0.67, 0.00, 0.79, 
-29.13, 0.68, 0.00, 0.80, 
-30.98, 0.68, 0.00, 0.80, 
-32.58, 0.69, 0.00, 0.80, 
-33.93, 0.69, 0.00, 0.80, 
-35.03, 0.69, 0.00, 0.80, 
-35.91, 0.70, 0.00, 0.80, 
-36.57, 0.70, 0.00, 0.79, 
-37.02, 0.70, 0.00, 0.78, 
-37.29, 0.70, 0.00, 0.77, 
-37.37, 0.71, 0.00, 0.77, 
-37.29, 0.71, 0.00, 0.76, 
-37.06, 0.71, 0.00, 0.76, 
-36.69, 0.71, 0.00, 0.75, 
-36.20, 0.71, 0.00, 0.75, 
-35.59, 0.71, 0.00, 0.74, 
-34.89, 0.71, 3.58, 0.74, 
-34.09, 0.72, -5.67, 0.74, 
-33.21, 0.72, -13.97, 0.74, 
-32.26, 0.72, -20.58, 0.75, 
-31.25, 0.72, -25.61, 0.75, 
-30.20, 0.72, -29.66, 0.75, 
-29.09, 0.72, -33.16, 0.76, 
-27.96, 0.71, 0.00, 0.76, 
-26.80, 0.71, 0.00, 0.77, 
-25.61, 0.71, 0.00, 0.77, 
-24.42, 0.71, 0.00, 0.78, 
-23.21, 0.71, 0.00, 0.78, 
-22.01, 0.71, 0.00, 0.78, 
-20.80, 0.70, 0.00, 0.78, 
-19.61, 0.70, 0.00, 0.78, 
-18.42, 0.70, 0.00, 0.78, 
-17.25, 0.69, 0.00, 0.78, 
-16.10, 0.69, 0.00, 0.78, 
-14.97, 0.69, 0.00, 0.77, 
-13.87, 0.68, 0.00, 0.76, 
-12.79, 0.68, 0.00, 0.75, 
-11.74, 0.67, 0.00, 0.74, 
-10.72, 0.67, 0.00, 0.73, 
-9.73, 0.67, 0.00, 0.72, 
-8.78, 0.66, 0.00, 0.70, 
-7.85, 0.65, 0.00, 0.69, 
-6.96, 0.65, 0.00, 0.68, 
-6.11, 0.64, 30.18, 0.67, 
-5.29, 0.64, 25.62, 0.66, 
-4.50, 0.63, 19.99, 0.65, 
-3.74, 0.63, 14.36, 0.64, 
-3.02, 0.62, 9.29, 0.63, 
-2.34, 0.61, 4.60, 0.62, 
-1.69, 0.61, -0.27, 0.61, 
-1.07, 0.60, 0.00, 0.61, 
-0.48, 0.60, 0.00, 0.60, 
0.07, 0.59, 0.00, 0.60, 
0.59, 0.58, 0.00, 0.60, 
1.08, 0.58, 0.00, 0.60, 
1.54, 0.57, 0.00, 0.60, 
1.97, 0.56, 0.00, 0.60, 
2.36, 0.56, 0.00, 0.60, 
2.73, 0.55, 0.00, 0.60, 
